37.5,143.1356191674736
37.51,143.5349860674043
37.519999999999996,143.9453305025233
37.529999999999994,144.3670503403294
37.53999999999999,144.80056123358608
37.54999999999999,145.2462975585426
37.55999999999999,145.7047134096622
37.569999999999986,146.17628365463298
37.579999999999984,146.66150505371238
37.58999999999998,147.1608974477457
37.59999999999998,147.67500501951693
37.60999999999998,148.20439763342546
37.619999999999976,148.74967225884785
37.629999999999974,149.3114544829329
37.63999999999997,149.89040011899746
37.64999999999997,150.48719691714084
37.65999999999997,151.10256638417775
37.669999999999966,151.7372657205073
37.679999999999964,152.39208988208983
37.68999999999996,153.06787377629678
37.69999999999996,153.76549460103325
37.70999999999996,154.4858743372105
37.719999999999956,155.22998240536862
37.729999999999954,155.99883849801896
37.73999999999995,156.7935156000944
37.74999999999995,157.6151432107627
37.75999999999995,158.46491078077634
37.769999999999946,159.34407138049906
37.779999999999944,160.25394561476776
37.78999999999994,161.1959258018104
37.79999999999994,162.17148043454955
37.80999999999994,163.18215894376547
37.819999999999936,164.2295967837694
37.829999999999934,165.31552086243278
37.83999999999993,166.44175533861932
37.84999999999993,167.6102278112552
37.85999999999993,168.82297592542324
37.869999999999926,170.08215442194853
37.879999999999924,171.39004265791849
37.88999999999992,172.74905262639558
37.89999999999992,174.16173750417937
37.90999999999992,175.63080075677325
37.919999999999916,177.15910582961766
37.929999999999914,178.74968645404545
37.93999999999991,180.40575759515036
37.94999999999991,182.13072706665645
37.95999999999991,183.92820783471532
37.96999999999991,185.80203102807025
37.979999999999905,187.75625966588592
37.9899999999999,189.7952031063512
37.9999999999999,191.92343220843844
38.0099999999999,194.14579518536752
38.0199999999999,196.4674341106697
38.029999999999895,198.8938020154346
38.03999999999989,201.43068048733994
38.04999999999989,204.0841976471967
38.05999999999989,206.8608463355519
38.06999999999989,209.76750228866456
38.079999999999885,212.8114420178885
38.08999999999988,216.00036002678462
38.09999999999988,219.34238490337623
38.10999999999988,222.8460937076452
38.11999999999988,226.52052393296566
38.129999999999875,230.3751821505094
38.13999999999987,234.42004824307543
38.14999999999987,238.66557389417147
38.15999999999987,243.1226737140539
38.16999999999987,247.80270705117601
38.179999999999865,252.71744814961727
38.18999999999986,257.8790418656927
38.19999999999986,263.29994164653954
38.20999999999986,268.99282589885604
38.21999999999986,274.9704882397593
38.229999999999855,281.2456964322994
38.23999999999985,287.83101408229686
38.24999999999985,294.73857843939516
38.25999999999985,301.97982694816193
38.26999999999985,309.5651646006469
38.279999999999845,317.5035637433155
38.28999999999984,325.80208791614035
38.29999999999984,334.46533171801946
38.30999999999984,343.4947698151788
38.31999999999984,352.88801030136796
38.329999999999835,362.63795099015994
38.33999999999983,372.7318422138516
38.34999999999983,383.1502666706908
38.35999999999983,393.8660561130018
38.36999999999983,404.8431764016097
38.379999999999825,416.03562665056916
38.38999999999982,427.3864144880692
38.39999999999982,438.8266870029704
38.40999999999982,450.27511421902267
38.41999999999982,461.6376366637013
38.429999999999815,472.8076977190831
38.43999999999981,483.66708127463386
38.44999999999981,494.0874618302416
38.45999999999981,503.93274415624336
38.46999999999981,513.0622208410474
38.479999999999805,521.3345089822229
38.4899999999998,528.612145837338
38.4999999999998,534.7666354157267
38.5099999999998,539.6836554603354
38.5199999999998,543.2680710477013
38.529999999999795,545.4483709231537
38.53999999999979,546.1801560816945
38.54999999999979,545.4483709232137
38.55999999999979,543.2680710478205
38.56999999999979,539.6836554605112
38.579999999999785,534.7666354159555
38.58999999999978,528.6121458376156
38.59999999999978,521.3345089825442
38.60999999999978,513.062220841407
38.61999999999978,503.93274415663535
38.629999999999775,494.0874618306601
38.63999999999977,483.66708127507326
38.64999999999977,472.80769771953777
38.65999999999977,461.6376366641664
38.66999999999977,450.2751142194934
38.679999999999765,438.8266870034426
38.68999999999976,427.3864144885394
38.69999999999976,416.0356266510342
38.70999999999976,404.8431764020669
38.71999999999976,393.8660561134491
38.729999999999755,383.1502666711266
38.73999999999975,372.7318422142745
38.74999999999975,362.6379509905689
38.75999999999975,352.8880103017625
38.76999999999975,343.4947698155584
38.779999999999745,334.46533171838405
38.78999999999974,325.8020879164898
38.79999999999974,317.50356374365015
38.80999999999974,309.5651646009667
38.81999999999974,301.9798269484674
38.829999999999735,294.73857843968665
38.83999999999973,287.8310140825748
38.84999999999973,281.24569643256433
38.85999999999973,274.97048824001166
38.86999999999973,268.9928258990965
38.879999999999725,263.29994164676845
38.88999999999972,257.8790418659107
38.89999999999972,252.71744814982475
38.90999999999972,247.80270705137366
38.91999999999972,243.1226737142421
38.929999999999715,238.66557389435076
38.93999999999971,234.4200482432462
38.94999999999971,230.37518215067217
38.95999999999971,226.5205239331208
38.96999999999971,222.8460937077932
38.979999999999706,219.34238490351737
38.989999999999704,216.0003600269194
38.9999999999997,212.81144201801732
39.0099999999997,209.76750228878782
39.0199999999997,206.86084633567003
39.029999999999696,204.08419764731025
39.039999999999694,201.43068048744954
39.04999999999969,198.89380201554104
39.05999999999969,196.46743411077404
39.06999999999969,194.14579518547126
39.079999999999686,191.92343220854377
39.089999999999684,189.79520310646137
39.09999999999968,187.75625966600558
39.10999999999968,185.8020310282064
39.11999999999968,183.92820783487855
39.129999999999676,182.13072706686242
39.139999999999674,180.40575759542244
39.14999999999967,178.74968645441848
39.15999999999967,177.1591058301434
39.16999999999967,175.63080075752822
39.179999999999666,174.1617375052765
39.189999999999664,172.749052628001
39.19999999999966,171.39004266027564
39.20999999999966,170.08215442541297
39.21999999999966,168.82297593051229
39.229999999999656,167.61022781871924
39.239999999999654,166.44175534954272
39.24999999999965,165.31552087837696
39.25999999999965,164.2295968069747
39.26999999999965,163.1821589774351
39.279999999999646,162.1714804832468
39.289999999999644,161.195925872013
39.29999999999964,160.25394571563805
39.30999999999964,159.3440715249504
39.31999999999964,158.46491098694312
39.329999999999636,157.61514350402
39.339999999999634,156.79351601582115
39.34999999999963,155.99883908536438
39.35999999999963,155.22998323236564
39.36999999999963,154.4858754976911
39.379999999999626,153.76549622394396
39.389999999999624,153.06787603819828
39.39999999999962,152.39209302386212
39.40999999999962,151.73727006958777
39.41999999999962,151.10257238404643
39.429999999999616,150.48720516625855
39.439999999999614,149.8904114220212
39.44999999999961,149.3114699178076
39.45999999999961,148.74969326434058
39.46999999999961,148.20442612286527
39.479999999999606,147.67504352798142
39.489999999999604,147.1609493217455
39.4999999999996,146.66157469463337
39.5099999999996,146.17637682986992
39.5199999999996,145.70483764860043
39.529999999999596,145.24646265440134
39.539999999999594,144.80077987672257
39.54999999999959,144.36733891402258
39.55999999999959,143.94571007861072
39.56999999999959,143.5354836465499
39.579999999999586,143.13626921739848
39.589999999999584,142.747695190078
39.59999999999958,142.36940836273024
39.60999999999958,142.00107366606008
39.61999999999958,141.64237404131478
39.629999999999576,141.29301047569794
39.639999999999574,140.9527022096002
39.64999999999957,140.62118713149252
39.65999999999957,140.2982223775925
39.66999999999957,139.9835851543909
39.679999999999566,139.67707380270446
39.689999999999564,139.37850912198513
39.69999999999956,139.08773597302476
39.70999999999956,138.80462517580307
39.71999999999956,138.52907571687564
39.729999999999556,138.2610172772274
39.739999999999554,138.0004130867603
39.74999999999955,137.7472631053893
39.75999999999955,137.50160752294758
39.76999999999955,137.2635305606344
39.779999999999546,137.0331645455027
39.789999999999544,136.81069421644366
39.79999999999954,136.59636120531576
39.80999999999954,136.39046862038867
39.81999999999954,136.19338564131573
39.829999999999536,136.0055520157007
39.839999999999534,135.82748232737453
39.84999999999953,135.65976988625107
39.85999999999953,135.50309006970738
39.86999999999953,135.35820292656737
39.87999999999953,135.2259548377965
39.889999999999525,135.1072790138764
39.89999999999952,135.00319459852554
39.90999999999952,134.91480414302427
39.91999999999952,134.84328921595014
39.92999999999952,134.78990392067698
39.939999999999515,134.7559661084972
39.94999999999951,134.74284609952764
39.95999999999951,134.75195275730974
39.96999999999951,134.78471680662676
39.97999999999951,134.8425713376566
39.989999999999505,134.92692950293304
39.9999999999995,135.03915948608733
40.0099999999995,135.1805569019529
40.0199999999995,135.35231487485663
40.0299999999995,135.55549213386996
40.039999999999495,135.7909795580967
40.04999999999949,136.05946569897606
40.05999999999949,136.36140189699677
40.06999999999949,136.69696769379908
40.07999999999949,137.06603731387884
40.089999999999485,137.4681480494621
40.09999999999948,137.9024714241341
40.10999999999948,138.3677880322796
40.11999999999948,138.8624669495087
40.12999999999948,139.38445058173028
40.139999999999475,139.9312457658162
40.14999999999947,140.49992185210158
40.15999999999947,141.08711638844272
40.16999999999947,141.68904888835328
40.17999999999947,142.30154300404067
40.189999999999465,142.9200572421878
40.19999999999946,143.53972416027688
40.20999999999946,144.1553977692427
40.21999999999946,144.76170865015067
40.22999999999946,145.35312607488996
40.239999999999455,145.92402621041293
40.24999999999945,146.468765289829
40.25999999999945,146.9817564585623
40.26999999999945,147.457548856296
40.27999999999945,147.89090738139905
40.289999999999445,148.2768915089012
40.29999999999944,148.61093149965964
40.30999999999944,148.8889003496408
40.31999999999944,149.10717988526267
40.32999999999944,149.26271951300214
40.339999999999435,149.35308627690623
40.34999999999943,149.37650506266178
40.35999999999943,149.33188800647042
40.36999999999943,149.21885241487377
40.37999999999943,149.0377267705764
40.389999999999425,148.78954468113943
40.39999999999942,148.47602691360223
40.40999999999942,148.09955193991564
40.41999999999942,147.66311568697157
40.42999999999942,147.17028143291168
40.439999999999415,146.62512101098986
40.44999999999941,146.03214866727745
40.45999999999941,145.39624906393365
40.46999999999941,144.72260102202233
40.47999999999941,144.01659865487542
40.489999999999405,143.28377155428316
40.4999999999994,142.529705658366
40.5099999999994,141.7599663543524
40.5199999999994,140.9800252554559
40.5299999999994,140.1951919435581
40.539999999999395,139.4105517943
40.54999999999939,138.6309108049616
40.55999999999939,137.8607481350443
40.56999999999939,137.1041768517651
40.57999999999939,136.3649131545737
40.589999999999385,135.64625414079205
40.59999999999938,134.95106397442248
40.60999999999938,134.28176813718974
40.61999999999938,133.6403552791787
40.62999999999938,133.02838604922343
40.639999999999375,132.44700817467407
40.64999999999937,131.8969769774649
40.65999999999937,131.37868045868072
40.66999999999937,130.8921680563014
40.67999999999937,130.4371821789133
40.689999999999365,130.01319163964243
40.69999999999936,129.61942615657193
40.70999999999936,129.2549111452514
40.71999999999936,128.9185021021343
40.72999999999936,128.60891796135095
40.739999999999355,128.3247728976312
40.74999999999935,128.06460614208171
40.75999999999935,127.8269094718153
40.76999999999935,127.61015212636485
40.77999999999935,127.41280299104487
40.789999999999345,127.23334996801731
40.79999999999934,127.07031652830398
40.80999999999934,126.92227550132542
40.81999999999934,126.78786021212449
40.82999999999934,126.66577312002678
40.839999999999336,126.55479214622041
40.84999999999933,126.4537749020177
40.85999999999933,126.36166104504585
40.86999999999933,126.277472998135
40.87999999999933,126.2003152661971
40.889999999999326,126.12937258095181
40.899999999999324,126.06390709302487
40.90999999999932,126.00325481677403
40.91999999999932,125.94682151619361
40.92999999999932,125.89407820134656
40.939999999999316,125.84455638481116
40.949999999999314,125.79784322734238
40.95999999999931,125.753576681955
40.96999999999931,125.71144072644013
40.97999999999931,125.67116075632164
40.989999999999306,125.63249919372745
40.999999999999304,125.59525135278487
41.0099999999993,125.55924158904783
41.0199999999993,125.52431974916207
41.0299999999993,125.49035792743703
41.039999999999296,125.45724752814459
41.049999999999294,125.42489662608956
41.05999999999929,125.39322761315427
41.06999999999929,125.36217511495435
41.07999999999929,125.33168415929373
41.089999999999286,125.30170857660727
41.099999999999284,125.27220961187511
41.10999999999928,125.24315472743255
41.11999999999928,125.21451657654647
41.12999999999928,125.18627212846401
41.139999999999276,125.15840192675073
41.149999999999274,125.13088946403514
41.15999999999927,125.10372065768496
41.16999999999927,125.07688341239647
41.17999999999927,125.05036725713123
41.189999999999266,125.02416304524601
41.199999999999264,124.99826270800466
41.20999999999926,124.97265905291451
41.21999999999926,124.94734559948314
41.22999999999926,124.92231644603825
41.239999999999256,124.89756616219059
41.249999999999254,124.87308970235269
41.25999999999925,124.84888233645489
41.26999999999925,124.82493959463571
41.27999999999925,124.80125722323007
41.289999999999246,124.77783114984682
