37.5,6.793577902617857e-60
37.51,1.7959382479791931e-59
37.519999999999996,4.731572025963491e-59
37.529999999999994,1.2423407400403153e-58
37.53999999999999,3.250852127084732e-58
37.54999999999999,8.477638990007619e-58
37.55999999999999,2.2033010347406523e-57
37.569999999999986,5.706817365080637e-57
37.579999999999984,1.4731105021328698e-56
37.58999999999998,3.789639455072375e-56
37.59999999999998,9.715869589601281e-56
37.60999999999998,2.4824852482029415e-55
37.619999999999976,6.321394466961643e-55
37.629999999999974,1.604206691208849e-54
37.63999999999997,4.057223860815922e-54
37.64999999999997,1.0226307188537111e-53
37.65999999999997,2.5687977596574714e-53
37.669999999999966,6.430758629424119e-53
37.679999999999964,1.604411331218403e-52
37.68999999999996,3.9892425979196734e-52
37.69999999999996,9.885221183716692e-52
37.70999999999996,2.4412010633608384e-51
37.719999999999956,6.008166033167279e-51
37.729999999999954,1.4736743243743082e-50
37.73999999999995,3.602320288977932e-50
37.74999999999995,8.775752112800247e-50
37.75999999999995,2.1306277859135166e-49
37.769999999999946,5.155277428226976e-49
37.779999999999944,1.2431333358221913e-48
37.78999999999994,2.987477201378578e-48
37.79999999999994,7.155050489965592e-48
37.80999999999994,1.7078197110827587e-47
37.819999999999936,4.062492354967645e-47
37.829999999999934,9.63084310016345e-47
37.83999999999993,2.2753974894726276e-46
37.84999999999993,5.357614452573808e-46
37.85999999999993,1.2572071907096655e-45
37.869999999999926,2.9401092685645554e-45
37.879999999999924,6.852377840728773e-45
37.88999999999992,1.5916235219262384e-44
37.89999999999992,3.684347723307078e-44
37.90999999999992,8.499670503361838e-44
37.919999999999916,1.9541809933805403e-43
37.929999999999914,4.477635072268903e-43
37.93999999999991,1.0224776467101721e-42
37.94999999999991,2.3269131016693887e-42
37.95999999999991,5.277493699487519e-42
37.96999999999991,1.1928792882312684e-41
37.979999999999905,2.687116456154444e-41
37.9899999999999,6.032505063480558e-41
37.9999999999999,1.3496778406757865e-40
38.0099999999999,3.0094266049647144e-40
38.0199999999999,6.6874201659975426e-40
38.029999999999895,1.480998712198081e-39
38.03999999999989,3.268676699829867e-39
38.04999999999989,7.189695039599439e-39
38.05999999999989,1.576050713479366e-38
38.06999999999989,3.443111779878375e-38
38.079999999999885,7.496408984061408e-38
38.08999999999988,1.626584534427176e-37
38.09999999999988,3.517395639990687e-37
38.10999999999988,7.580310915437895e-37
38.11999999999988,1.6280735969750152e-36
38.129999999999875,3.4848353485641575e-36
38.13999999999987,7.433814324909541e-36
38.14999999999987,1.5803830806905735e-35
38.15999999999987,3.3483762251397846e-35
38.16999999999987,7.070129092860658e-35
38.179999999999865,1.4877900626191355e-34
38.18999999999986,3.12016226026907e-34
38.19999999999986,6.521296125040929e-34
38.20999999999986,1.3583506015147271e-33
38.21999999999986,2.8197529084712004e-33
38.229999999999855,5.83353010063758e-33
38.23999999999985,1.2027435843205457e-32
38.24999999999985,2.4713591896986565e-32
38.25999999999985,5.060808552808521e-32
38.26999999999985,1.0328212439171186e-31
38.279999999999845,2.100640004880504e-31
38.28999999999984,4.257937846175712e-31
38.29999999999984,8.601381675010414e-31
38.30999999999984,1.731642901667428e-30
38.31999999999984,3.474318833722291e-30
38.329999999999835,6.947078721592722e-30
38.33999999999983,1.3843821333416015e-29
38.34999999999983,2.749355931531415e-29
38.35999999999983,5.441606893125862e-29
38.36999999999983,1.0733579521909114e-28
38.379999999999825,2.1100036552208614e-28
38.38999999999982,4.133739007617387e-28
38.39999999999982,8.070939920053405e-28
38.40999999999982,1.5704582371804884e-27
38.41999999999982,3.045438860483351e-27
38.429999999999815,5.8856521947779044e-27
38.43999999999981,1.1336017813984606e-26
38.44999999999981,2.1759437333289152e-26
38.45999999999981,4.162516980616469e-26
38.46999999999981,7.935706394042656e-26
38.479999999999805,1.5077744529384734e-25
38.4899999999998,2.8550149431496163e-25
38.4999999999998,5.387677690085894e-25
38.5099999999998,1.0132486735645933e-24
38.5199999999998,1.8991168930731848e-24
38.529999999999795,3.547386965898498e-24
38.53999999999979,6.603689592278429e-24
38.54999999999979,1.2251406556803071e-23
38.55999999999979,2.2651995615704044e-23
38.56999999999979,4.17395922161243e-23
38.579999999999785,7.664982201040756e-23
38.58999999999978,1.402798573495905e-22
38.59999999999978,2.5585899897386544e-22
38.60999999999978,4.650796031637589e-22
38.61999999999978,8.425100808289632e-22
38.629999999999775,1.521052256691519e-21
38.63999999999977,2.736745291053577e-21
38.64999999999977,4.907336514372466e-21
38.65999999999977,8.769574398469591e-21
38.66999999999977,1.561825141158728e-20
38.679999999999765,2.7720912252319675e-20
38.68999999999976,4.903473614657735e-20
38.69999999999976,8.644131863563334e-20
38.70999999999976,1.5186585509654985e-19
38.71999999999976,2.659010867618737e-19
38.729999999999755,4.639821797200713e-19
38.73999999999975,8.068702543139188e-19
38.74999999999975,1.3983868318463532e-18
38.75999999999975,2.415306010457752e-18
38.76999999999975,4.157557022719286e-18
38.779999999999745,7.13223234790945e-18
38.78999999999974,1.2193656795336424e-17
38.79999999999974,2.0776082799200337e-17
38.80999999999974,3.527886331258381e-17
38.81999999999974,5.970170249152548e-17
38.829999999999735,1.0068854476841362e-16
38.83999999999973,1.692367311801163e-16
38.84999999999973,2.8348521174282652e-16
38.85999999999973,4.732464933126226e-16
38.86999999999973,7.873459840997808e-16
38.879999999999725,1.305464434999467e-15
38.88999999999972,2.1571765412619967e-15
38.89999999999972,3.5524465217792488e-15
38.90999999999972,5.830296277406817e-15
38.91999999999972,9.536190468979896e-15
38.929999999999715,1.5544631269337565e-14
38.93999999999971,2.525266099682802e-14
38.94999999999971,4.088416087148377e-14
38.95999999999971,6.596662183531745e-14
38.96999999999971,1.0607538486583073e-13
38.979999999999706,1.6999110773778818e-13
38.989999999999704,2.7149323206696953e-13
38.9999999999997,4.3212861677599886e-13
39.0099999999997,6.854697013711238e-13
39.0199999999997,1.0836392196675398e-12
39.029999999999696,1.7072706821310928e-12
39.039999999999694,2.68065711242215e-12
39.04999999999969,4.1947044402917516e-12
39.05999999999969,6.5415803674572166e-12
39.06999999999969,1.016682183304021e-11
39.079999999999686,1.5747403671913545e-11
39.089999999999684,2.430826285561874e-11
39.09999999999968,3.739556535535884e-11
39.10999999999968,5.7333373813379394e-11
39.11999999999968,8.760242133085742e-11
39.129999999999676,1.3339696157158578e-10
39.139999999999674,2.024403040789054e-10
39.14999999999967,3.0617465722686874e-10
39.15999999999967,4.614904472023131e-10
39.16999999999967,6.932300926583614e-10
39.179999999999666,1.0377991583175687e-09
39.189999999999664,1.5483546308946673e-09
39.19999999999966,2.3022303589198198e-09
39.20999999999966,3.411523221037081e-09
39.21999999999966,5.038126906663527e-09
39.229999999999656,7.414998883404245e-09
39.239999999999654,1.0876127572719766e-08
39.24999999999965,1.589859374865785e-08
39.25999999999965,2.3161375477546226e-08
39.26999999999965,3.362723803724241e-08
39.279999999999646,4.8656320678894504e-08
39.289999999999644,7.016306428693377e-08
39.29999999999964,1.0083215450831326e-07
39.30999999999964,1.4441448700569985e-07
39.31999999999964,2.0613118158697014e-07
39.329999999999636,2.932228695689165e-07
39.339999999999634,4.1569347001832675e-07
39.34999999999963,5.873132261572712e-07
39.35999999999963,8.269658508005514e-07
39.36999999999963,1.160450410910928e-06
39.379999999999626,1.6228815141793982e-06
39.389999999999624,2.261873206138999e-06
39.39999999999962,3.141744870355901e-06
39.40999999999962,4.349053891540394e-06
39.41999999999962,5.999842912648696e-06
39.429999999999616,8.249092745159133e-06
39.439999999999614,1.1302999515162034e-05
39.44999999999961,1.5434851216591383e-05
39.45999999999961,2.1005469931582254e-05
39.46999999999961,2.848941768047579e-05
39.479999999999606,3.8508442960790096e-05
39.489999999999604,5.187397892306182e-05
39.4999999999996,6.964090072964985e-05
39.5099999999996,9.317521723151869e-05
39.5199999999996,0.0001242389190915962
39.529999999999596,0.00016509584010944455
39.539999999999594,0.00021864311838111348
39.54999999999959,0.0002885736755343898
39.55999999999959,0.0003795760702730636
39.56999999999959,0.0004975791288817021
39.579999999999586,0.0006500499086470797
39.589999999999584,0.0008463548041332626
39.59999999999958,0.0010981949487882882
39.60999999999958,0.0014201284760890249
39.61999999999958,0.001830193657283882
39.629999999999576,0.0023506483885397905
39.639999999999574,0.0030088429090904052
39.64999999999957,0.003838243930995373
39.65999999999957,0.004879629473413828
39.66999999999957,0.006182474527971767
39.679999999999566,0.007806548129628544
39.689999999999564,0.009823742347065808
39.69999999999956,0.01232015300152648
39.70999999999956,0.015398430424451146
39.71999999999956,0.019180416114122845
39.729999999999556,0.023810077586635087
39.739999999999554,0.029456748874009335
39.74999999999955,0.03631867784664218
39.75999999999955,0.044626873688472526
39.76999999999955,0.0546492383166004
39.779999999999546,0.06669495423398307
39.789999999999544,0.08111908820374164
39.79999999999954,0.09832735526653977
39.80999999999954,0.11878097109169237
39.81999999999954,0.14300150264689185
39.829999999999536,0.17157560797618432
39.839999999999534,0.20515953588256242
39.84999999999953,0.24448323602432379
39.85999999999953,0.2903539099726879
39.86999999999953,0.34365881487543176
39.87999999999953,0.4053671143676137
39.889999999999525,0.4765305571995133
39.89999999999952,0.5582827537210663
39.90999999999952,0.6518368149252617
39.91999999999952,0.7584811192766905
39.92999999999952,0.8795729800737369
39.939999999999515,1.0165300015764698
39.94999999999951,1.170818936412544
39.95999999999951,1.3439418905033291
39.96999999999951,1.5374197653463044
39.97999999999951,1.7527728810677792
39.989999999999505,1.9914987869978091
39.9999999999995,2.2550473390033714
40.0099999999995,2.5447932034111
40.0199999999995,2.8620060345790006
40.0299999999995,3.2078186651134546
40.039999999999495,3.583193742017991
40.04999999999949,3.988889335952638
40.05999999999949,4.425424141188022
40.06999999999949,4.893042967408955
40.07999999999949,5.391683297751779
40.089999999999485,5.920943746803171
40.09999999999948,6.480055294296193
40.10999999999948,7.067856191704656
40.11999999999948,7.682771437045601
40.12999999999948,8.322797685681905
40.139999999999475,8.9854944101903
40.14999999999947,9.667982039656366
40.15999999999947,10.366947698228753
40.16999999999947,11.078659025557762
40.17999999999947,11.79898640003978
40.189999999999465,12.523433702807115
40.19999999999946,13.247177560349732
40.20999999999946,13.965114791641676
40.21999999999946,14.671917567548205
40.22999999999946,15.3620955725817
40.239999999999455,16.030064248609904
40.24999999999945,16.67021800389523
40.25999999999945,17.277007095740267
40.26999999999945,17.845016747525726
40.27999999999945,18.36904694689667
40.289999999999445,18.844191296219964
40.29999999999944,19.265913253010826
40.30999999999944,19.63011810930421
40.31999999999944,19.933219115965343
40.32999999999944,20.172196260191598
40.339999999999435,20.344646349888922
40.34999999999943,20.448823243620943
40.35999999999943,20.48366728441777
40.36999999999943,20.44882324362886
40.37999999999943,20.344646349904675
40.389999999999425,20.172196260215024
40.39999999999942,19.93321911599621
40.40999999999942,19.630118109342202
40.41999999999942,19.265913253055572
40.42999999999942,18.844191296271028
40.439999999999415,18.369046946953556
40.44999999999941,17.8450167475879
40.45999999999941,17.27700709580715
40.46999999999941,16.670218003966212
40.47999999999941,16.030064248684365
40.489999999999405,15.362095572659008
40.4999999999994,14.671917567627718
40.5099999999994,13.965114791722767
40.5199999999994,13.247177560431782
40.5299999999994,12.523433702889532
40.539999999999395,11.798986400121995
40.54999999999939,11.078659025639244
40.55999999999939,10.366947698309014
40.56999999999939,9.667982039734959
40.57999999999939,8.985494410266824
40.589999999999385,8.322797685756006
40.59999999999938,7.682771437116979
40.60999999999938,7.067856191773056
40.61999999999938,6.480055294361412
40.62999999999938,5.920943746865057
40.639999999999375,5.39168329781022
40.64999999999937,4.893042967463885
40.65999999999937,4.425424141239414
40.66999999999937,3.9888893360005055
40.67999999999937,3.583193742062378
40.689999999999365,3.207818665154433
40.69999999999936,2.8620060346166696
40.70999999999936,2.5447932034455785
40.71999999999936,2.255047339034798
40.72999999999936,1.9914987870263337
40.739999999999355,1.752772881093563
40.74999999999935,1.5374197653695147
40.75999999999935,1.3439418905241396
40.76999999999935,1.1708189364311266
40.77999999999935,1.0165300015929972
40.789999999999345,0.879572980088378
40.79999999999934,0.7584811192896098
40.80999999999934,0.6518368149366166
40.81999999999934,0.5582827537310074
40.82999999999934,0.47653055720818327
40.839999999999336,0.4053671143751459
40.84999999999933,0.3436588148819503
40.85999999999933,0.29035390997830773
40.86999999999933,0.24448323602915048
40.87999999999933,0.20515953588669222
40.889999999999326,0.17157560797970453
40.899999999999324,0.14300150264988118
40.90999999999932,0.1187809710942213
40.91999999999932,0.09832735526867137
40.92999999999932,0.08111908820553153
40.939999999999316,0.06669495423548052
40.949999999999314,0.05464923831784861
40.95999999999931,0.044626873689509065
40.96999999999931,0.036318677847499814
40.97999999999931,0.029456748874716308
40.989999999999306,0.023810077587215775
40.999999999999304,0.019180416114598055
41.0099999999993,0.015398430424838603
41.0199999999993,0.012320153001841253
41.0299999999993,0.009823742347320603
41.039999999999296,0.007806548129834035
41.049999999999294,0.006182474528136897
41.05999999999929,0.0048796294735460495
41.06999999999929,0.003838243931100869
41.07999999999929,0.003008842909174265
41.089999999999286,0.002350648388606216
41.099999999999284,0.0018301936573363088
41.10999999999928,0.0014201284761302551
41.11999999999928,0.0010981949488205972
41.12999999999928,0.0008463548041584916
41.139999999999276,0.0006500499086667065
41.149999999999274,0.000497579128896919
41.15999999999927,0.0003795760702848187
41.16999999999927,0.0002885736755434384
41.17999999999927,0.000218643118388054
41.189999999999266,0.00016509584011474923
41.199999999999264,0.00012423891909563617
41.20999999999926,9.317521723458464e-05
41.21999999999926,6.964090073196824e-05
41.22999999999926,5.187397892480893e-05
41.239999999999256,3.8508442962101825e-05
41.249999999999254,2.8489417681457317e-05
41.25999999999925,2.1005469932314077e-05
41.26999999999925,1.5434851217135103e-05
41.27999999999925,1.1302999515564602e-05
41.289999999999246,8.249092745456111e-06
