37.5,21.585619167473606
37.51,21.984986067404318
37.519999999999996,22.395330502523294
37.529999999999994,22.817050340329416
37.53999999999999,23.250561233586076
37.54999999999999,23.696297558542618
37.55999999999999,24.15471340966219
37.569999999999986,24.62628365463299
37.579999999999984,25.111505053712367
37.58999999999998,25.61089744774571
37.59999999999998,26.12500501951694
37.60999999999998,26.654397633425457
37.619999999999976,27.199672258847862
37.629999999999974,27.761454482932905
37.63999999999997,28.340400118997454
37.64999999999997,28.93719691714083
37.65999999999997,29.552566384177748
37.669999999999966,30.187265720507305
37.679999999999964,30.842089882089834
37.68999999999996,31.51787377629679
37.69999999999996,32.21549460103325
37.70999999999996,32.93587433721051
37.719999999999956,33.67998240536862
37.729999999999954,34.448838498018965
37.73999999999995,35.24351560009439
37.74999999999995,36.06514321076271
37.75999999999995,36.91491078077633
37.769999999999946,37.79407138049907
37.779999999999944,38.70394561476777
37.78999999999994,39.64592580181042
37.79999999999994,40.621480434549554
37.80999999999994,41.63215894376547
37.819999999999936,42.6795967837694
37.829999999999934,43.76552086243278
37.83999999999993,44.89175533861931
37.84999999999993,46.06022781125522
37.85999999999993,47.27297592542324
37.869999999999926,48.53215442194855
37.879999999999924,49.84004265791849
37.88999999999992,51.19905262639558
37.89999999999992,52.61173750417937
37.90999999999992,54.08080075677325
37.919999999999916,55.609105829617654
37.929999999999914,57.19968645404545
37.93999999999991,58.85575759515035
37.94999999999991,60.58072706665646
37.95999999999991,62.378207834715326
37.96999999999991,64.25203102807025
37.979999999999905,66.20625966588594
37.9899999999999,68.24520310635121
37.9999999999999,70.37343220843843
38.0099999999999,72.59579518536752
38.0199999999999,74.9174341106697
38.029999999999895,77.3438020154346
38.03999999999989,79.88068048733994
38.04999999999989,82.5341976471967
38.05999999999989,85.3108463355519
38.06999999999989,88.21750228866458
38.079999999999885,91.26144201788853
38.08999999999988,94.45036002678461
38.09999999999988,97.79238490337622
38.10999999999988,101.29609370764521
38.11999999999988,104.97052393296568
38.129999999999875,108.8251821505094
38.13999999999987,112.87004824307544
38.14999999999987,117.11557389417148
38.15999999999987,121.57267371405389
38.16999999999987,126.25270705117602
38.179999999999865,131.16744814961726
38.18999999999986,136.32904186569272
38.19999999999986,141.74994164653955
38.20999999999986,147.44282589885606
38.21999999999986,153.4204882397593
38.229999999999855,159.69569643229937
38.23999999999985,166.28101408229688
38.24999999999985,173.18857843939514
38.25999999999985,180.42982694816195
38.26999999999985,188.01516460064687
38.279999999999845,195.95356374331553
38.28999999999984,204.25208791614037
38.29999999999984,212.91533171801944
38.30999999999984,221.9447698151788
38.31999999999984,231.33801030136797
38.329999999999835,241.08795099015992
38.33999999999983,251.18184221385164
38.34999999999983,261.6002666706908
38.35999999999983,272.31605611300176
38.36999999999983,283.2931764016097
38.379999999999825,294.48562665056915
38.38999999999982,305.8364144880692
38.39999999999982,317.2766870029704
38.40999999999982,328.72511421902266
38.41999999999982,340.0876366637013
38.429999999999815,351.25769771908307
38.43999999999981,362.11708127463385
38.44999999999981,372.53746183024157
38.45999999999981,382.38274415624335
38.46999999999981,391.5122208410474
38.479999999999805,399.7845089822229
38.4899999999998,407.062145837338
38.4999999999998,413.21663541572667
38.5099999999998,418.13365546033543
38.5199999999998,421.7180710477013
38.529999999999795,423.89837092315366
38.53999999999979,424.6301560816945
38.54999999999979,423.89837092321375
38.55999999999979,421.71807104782056
38.56999999999979,418.13365546051125
38.579999999999785,413.2166354159555
38.58999999999978,407.0621458376156
38.59999999999978,399.78450898254425
38.60999999999978,391.512220841407
38.61999999999978,382.38274415663534
38.629999999999775,372.5374618306601
38.63999999999977,362.11708127507325
38.64999999999977,351.25769771953776
38.65999999999977,340.0876366641664
38.66999999999977,328.7251142194934
38.679999999999765,317.2766870034426
38.68999999999976,305.8364144885394
38.69999999999976,294.4856266510342
38.70999999999976,283.2931764020669
38.71999999999976,272.31605611344906
38.729999999999755,261.6002666711266
38.73999999999975,251.18184221427447
38.74999999999975,241.08795099056894
38.75999999999975,231.33801030176252
38.76999999999975,221.94476981555843
38.779999999999745,212.91533171838404
38.78999999999974,204.25208791648984
38.79999999999974,195.95356374365014
38.80999999999974,188.0151646009667
38.81999999999974,180.42982694846742
38.829999999999735,173.18857843968664
38.83999999999973,166.28101408257484
38.84999999999973,159.69569643256432
38.85999999999973,153.42048824001168
38.86999999999973,147.44282589909648
38.879999999999725,141.74994164676846
38.88999999999972,136.3290418659107
38.89999999999972,131.16744814982476
38.90999999999972,126.25270705137365
38.91999999999972,121.57267371424209
38.929999999999715,117.11557389435073
38.93999999999971,112.87004824324619
38.94999999999971,108.82518215067213
38.95999999999971,104.97052393312075
38.96999999999971,101.29609370779309
38.979999999999706,97.7923849035172
38.989999999999704,94.45036002691914
38.9999999999997,91.2614420180169
39.0099999999997,88.21750228878714
39.0199999999997,85.31084633566896
39.029999999999696,82.53419764730855
39.039999999999694,79.88068048744685
39.04999999999969,77.34380201553684
39.05999999999969,74.9174341107675
39.06999999999969,72.5957951854611
39.079999999999686,70.37343220852804
39.089999999999684,68.24520310643705
39.09999999999968,66.20625966596819
39.10999999999968,64.25203102814908
39.11999999999968,62.37820783479095
39.129999999999676,60.58072706672902
39.139999999999674,58.855757595220005
39.14999999999967,57.19968645411232
39.15999999999967,55.60910582968191
39.16999999999967,54.080800756834996
39.179999999999666,52.61173750423872
39.189999999999664,51.199052626452655
39.19999999999966,49.84004265797343
39.20999999999966,48.53215442200144
39.21999999999966,47.27297592547417
39.229999999999656,46.06022781130426
39.239999999999654,44.891755338666584
39.24999999999965,43.765520862478354
39.25999999999965,42.67959678381335
39.26999999999965,41.63215894380786
39.279999999999646,40.621480434590474
39.289999999999644,39.64592580184993
39.29999999999964,38.70394561480592
39.30999999999964,37.79407138053592
39.31999999999964,36.91491078081195
39.329999999999636,36.065143210797146
39.339999999999634,35.24351560012769
39.34999999999963,34.44883849805117
39.35999999999963,33.67998240539979
39.36999999999963,32.935874337240676
39.379999999999626,32.21549460106246
39.389999999999624,31.517873776325075
39.39999999999962,30.84208988211725
39.40999999999962,30.18726572053387
39.41999999999962,29.552566384203505
39.429999999999616,28.9371969171658
39.439999999999614,28.340400119021677
39.44999999999961,27.76145448295641
39.45999999999961,27.199672258870663
39.46999999999961,26.654397633447598
39.479999999999606,26.125005019538442
39.489999999999604,25.610897447766593
39.4999999999996,25.111505053732646
39.5099999999996,24.6262836546527
39.5199999999996,24.15471340968134
39.529999999999596,23.69629755856125
39.539999999999594,23.250561233604195
39.54999999999959,22.817050340347038
39.55999999999959,22.395330502540435
39.56999999999959,21.984986067420998
39.579999999999586,21.58561916748985
39.589999999999584,21.196848835273858
39.59999999999958,20.818310167781455
39.60999999999958,20.44965353758399
39.61999999999958,20.090543847657486
39.629999999999576,19.74065982730939
39.639999999999574,19.399693366691118
39.64999999999957,19.06734888756152
39.65999999999957,18.74334274811909
39.66999999999957,18.42740267986293
39.679999999999566,18.119267254574826
39.689999999999564,17.818685379638055
39.69999999999956,17.52541582002324
39.70999999999956,17.239226745378623
39.71999999999956,16.959895300761524
39.729999999999556,16.687207199640778
39.739999999999554,16.420956337886285
39.74999999999955,16.160944427542667
39.75999999999955,15.906980649259111
39.76999999999955,15.6588813223178
39.779999999999546,15.416469591268722
39.789999999999544,15.179575128239918
39.79999999999954,14.948033850049232
39.80999999999954,14.72168764929699
39.81999999999954,14.500384138668833
39.829999999999536,14.283976407724515
39.839999999999534,14.072322791491976
39.84999999999953,13.865286650226745
39.85999999999953,13.66273615973469
39.86999999999953,13.46454411169193
39.87999999999953,13.2705877234289
39.889999999999525,13.080748456676872
39.89999999999952,12.894911844804465
39.90999999999952,12.712967328099019
39.91999999999952,12.534808096673455
39.92999999999952,12.36033094060325
39.939999999999515,12.189436106920727
39.94999999999951,12.02202716311509
39.95999999999951,11.858010866806403
39.96999999999951,11.697297041280446
39.97999999999951,11.539798456588832
39.989999999999505,11.385430715935225
39.9999999999995,11.23411214708395
40.0099999999995,11.085763698541825
40.0199999999995,10.940308840277623
40.0299999999995,10.7976734687565
40.039999999999495,10.657785816078716
40.04999999999949,10.520576363023405
40.05999999999949,10.38597775580876
40.06999999999949,10.253924726390133
40.07999999999949,10.12435401612705
40.089999999999485,9.997204302658922
40.09999999999948,9.872416129837887
40.10999999999948,9.749931840574948
40.11999999999948,9.629695512463108
40.12999999999948,9.51165289604836
40.139999999999475,9.395751355625887
40.14999999999947,9.281939812445211
40.15999999999947,9.170168690213973
40.16999999999947,9.060389862795521
40.17999999999947,8.952556604000886
40.189999999999465,8.846623539380682
40.19999999999946,8.742546599927142
40.20999999999946,8.640282977601045
40.21999999999946,8.539791082602468
40.22999999999946,8.441030502308267
40.239999999999455,8.343961961803036
40.24999999999945,8.248547285933785
40.25999999999945,8.154749362822054
40.26999999999945,8.062532108770277
40.27999999999945,7.9718604345023705
40.289999999999445,7.882700212681245
40.29999999999944,7.795018246648824
40.30999999999944,7.708782240336607
40.31999999999944,7.6239607692973275
40.32999999999944,7.540523252810554
40.339999999999435,7.458439927017312
40.34999999999943,7.377681819040843
40.35999999999943,7.298220722052663
40.36999999999943,7.220029171244897
40.37999999999943,7.143080420671727
40.389999999999425,7.067348420924412
40.39999999999942,6.992807797606013
40.40999999999942,6.91943383057345
40.41999999999942,6.84720243391599
40.42999999999942,6.776090136640652
40.439999999999415,6.706074064036307
40.44999999999941,6.637131919689543
40.45999999999941,6.569241968126508
40.46999999999941,6.502383018056116
40.47999999999941,6.436534406191072
40.489999999999405,6.371675981624164
40.4999999999994,6.307788090738293
40.5099999999994,6.244851562629622
40.5199999999994,6.182847695024116
40.5299999999994,6.121758240668563
40.539999999999395,6.0615653941780145
40.54999999999939,6.002251779322342
40.55999999999939,5.943800436735285
40.56999999999939,5.886194812030145
40.57999999999939,5.829418744306888
40.589999999999385,5.773456455036049
40.59999999999938,5.718292537305512
40.60999999999938,5.6639119454166815
40.61999999999938,5.610299984817279
40.62999999999938,5.557442302358375
40.639999999999375,5.5053248768638605
40.64999999999937,5.4539340100010225
40.65999999999937,5.403256317441314
40.66999999999937,5.3532787203008985
40.67999999999937,5.3039884368509425
40.689999999999365,5.255372974487993
40.69999999999936,5.207420121955254
40.70999999999936,5.16011794180584
40.71999999999936,5.113454763099503
40.72999999999936,5.067419174324624
40.739999999999355,5.0220000165376275
40.74999999999935,4.97718637671221
40.75999999999935,4.932967581291158
40.76999999999935,4.889333189933724
40.77999999999935,4.846272989451877
40.789999999999345,4.8037769879289325
40.79999999999934,4.761835409014362
40.80999999999934,4.720438686388801
40.81999999999934,4.679577458393483
40.82999999999934,4.639242562818612
40.839999999999336,4.59942503184526
40.84999999999933,4.560116087135755
40.85999999999933,4.521307135067549
40.86999999999933,4.482989762105848
40.87999999999933,4.44515573031041
40.889999999999326,4.407796972972106
40.899999999999324,4.370905590374994
40.90999999999932,4.334473845679809
40.91999999999932,4.298494160924933
40.92999999999932,4.262959113141026
40.939999999999316,4.22786143057568
40.949999999999314,4.193193989024539
40.95999999999931,4.158949808265487
40.96999999999931,4.125122048592639
40.97999999999931,4.09170400744692
40.989999999999306,4.058689116140244
40.999999999999304,4.026070936670276
41.0099999999993,3.993843158622988
41.0199999999993,3.9619995961602363
41.0299999999993,3.930534185089718
41.039999999999296,3.8994409800147554
41.049999999999294,3.8687141515614356
41.05999999999929,3.8383479836807237
41.06999999999929,3.808336871023253
41.07999999999929,3.7786753163845646
41.089999999999286,3.749357928218659
41.099999999999284,3.7203794182177785
41.10999999999928,3.6917345989564203
41.11999999999928,3.6634183815976513
41.12999999999928,3.635425773659849
41.139999999999276,3.607751876842061
41.149999999999274,3.5803918849062426
41.15999999999927,3.5533410816146724
41.16999999999927,3.5265948387209316
41.17999999999927,3.500148614012849
41.189999999999266,3.4739979494058986
41.199999999999264,3.4481384690855688
41.20999999999926,3.4225658776972714
41.21999999999926,3.3972759585824197
41.22999999999926,3.3722645720593243
41.239999999999256,3.3475276537476257
41.249999999999254,3.323061212935004
41.25999999999925,3.2988613309849626
41.26999999999925,3.2749241597845
41.27999999999925,3.251245920230549
41.289999999999246,3.2278229007540737
