0.0,11.335809091427855
1.0,13.480021646311316
2.0,15.990754834256872
3.0,18.922898027385596
4.0,22.338121157383835
5.0,26.30546263567858
6.0,30.90192649227953
7.0,36.213080911629355
8.0,42.333648919703535
9.0,49.36808049538819
10.0,57.43109386597041
11.0,66.64817223175912
12.0,77.15600068402105
13.0,89.10282667428342
14.0,102.64872610713134
15.0,117.96575601268066
16.0,135.23797386222864
17.0,154.661302977005
18.0,176.44322320262395
19.0,200.80226613784626
20.0,227.96729477088795
21.0,258.17654844148535
22.0,291.6764356583345
23.0,328.72005949778537
24.0,369.5654631192926
25.0,414.47358637261004
26.0,463.7059285434133
27.0,517.521916974313
28.0,576.1759865757068
29.0,639.9143810552645
30.0,708.9716929757147
31.0,783.5671664074259
32.0,863.900792864227
33.0,950.1492382679272
34.0,1042.4616457311315
35.0,1140.9553658156947
36.0,1245.7116724393302
37.0,1356.771528580263
38.0,1474.1314711794764
39.0,1597.7396889721488
40.0,1727.4923702099488
41.0,1863.2303991905903
42.0,2004.7364810340637
43.0,2151.7327731026053
44.0,2303.8790987485477
45.0,2460.7718146191464
46.0,2621.943396517182
47.0,2786.86280081959
48.0,2954.936648747838
49.0,3125.511269464219
50.0,3297.875625186148
51.0,3471.265127460587
52.0,3644.8663386617677
53.0,3817.822536946153
54.0,3989.240106632883
55.0,4158.19569961755
56.0,4323.744097334202
57.0,4484.926687328523
58.0,4640.780454069494
59.0,4790.3473705743245
60.0,4932.684066100192
61.0,5066.871635885286
62.0,5192.025451980956
63.0,5307.304829838691
64.0,5411.922403676687
65.0,5505.153064864949
66.0,5586.342321682403
67.0,5654.913945791027
68.0,5710.376780546271
69.0,5752.330598655571
70.0,5780.470911475989
71.0,5794.592649114781
72.0,5794.592649114781
73.0,5780.470911475989
74.0,5752.330598655571
75.0,5710.376780546271
76.0,5654.913945791027
77.0,5586.342321682403
78.0,5505.153064864949
79.0,5411.922403676687
80.0,5307.304829838691
81.0,5192.025451980956
82.0,5066.871635885286
83.0,4932.684066100192
84.0,4790.3473705743245
85.0,4640.780454069494
86.0,4484.926687328523
87.0,4323.744097334202
88.0,4158.19569961755
89.0,3989.240106632883
90.0,3817.822536946153
91.0,3644.8663386617677
92.0,3471.265127460587
93.0,3297.875625186148
94.0,3125.511269464219
95.0,2954.936648747838
96.0,2786.86280081959
97.0,2621.943396517182
98.0,2460.7718146191464
99.0,2303.8790987485477
100.0,2151.7327731026053
101.0,2004.7364810340637
102.0,1863.2303991905903
103.0,1727.4923702099488
104.0,1597.7396889721488
105.0,1474.1314711794764
106.0,1356.771528580263
107.0,1245.7116724393302
108.0,1140.9553658156947
109.0,1042.4616457311315
110.0,950.1492382679272
111.0,863.900792864227
112.0,783.5671664074259
113.0,708.9716929757147
114.0,639.9143810552645
115.0,576.1759865757068
116.0,517.521916974313
117.0,463.7059285434133
118.0,414.47358637261004
119.0,369.5654631192926
120.0,328.72005949778537
121.0,291.6764356583345
122.0,258.17654844148535
123.0,227.96729477088795
124.0,200.80226613784626
125.0,176.44322320262395
126.0,154.661302977005
127.0,135.23797386222864
128.0,117.96575601268066
129.0,102.64872610713134
130.0,89.10282667428342
131.0,77.15600068402105
132.0,66.64817223175912
133.0,57.43109386597041
134.0,49.36808049538819
135.0,42.333648919703535
136.0,36.213080911629355
137.0,30.90192649227953
138.0,26.30546263567858
139.0,22.338121157383835
140.0,18.922898027385596
141.0,15.990754834256872
142.0,13.480021646311316
143.0,11.335809091427855
144.0,9.509436130282669
145.0,7.95787874327103
146.0,6.643243600251263
147.0,5.532269741239507
148.0,4.59586036862351
149.0,3.8086460375839604
150.0,3.1485798288816444
151.0,2.5965644925651943
152.0,2.13611105641868
153.0,1.7530279918278853
154.0,1.4351397140965554
155.0,1.1720329554957507
156.0,0.9548293786923736
157.0,0.7759826869397913
158.0,0.629098427042482
159.0,0.5087746635599256
160.0,0.41046172045927276
161.0,0.3303392325464182
162.0,0.265208817255736
163.0,0.21240076220980447
164.0,0.16969322051809482
165.0,0.1352425098940754
166.0,0.10752321980764977
167.0,0.08527694013482696
168.0,0.06746853275539418
169.0,0.0532489724204525
170.0,0.0419238835482247
171.0,0.03292699438020253
172.0,0.025797818445120448
173.0,0.020162955120631043
174.0,0.015720476068788628
175.0,0.012226932455462693
176.0,0.009486579296645205
177.0,0.00734246826918576
178.0,0.005669109224044542
179.0,0.0043664438463447905
180.0,0.0033549128516989508
181.0,0.0025714312418056683
182.0,0.0019661149152823696
183.0,0.001499626783976961
184.0,0.0011410319049196432
185.0,0.0008660694044922203
186.0,0.000655764517730607
187.0,0.0004953172355900842
188.0,0.00037321515934620456
189.0,0.00028052748613508827
190.0,0.0002103448450032728
191.0,0.00015733619213998475
192.0,0.00011739935371750812
193.0,8.738624660921285e-05
194.0,6.488746010803524e-05
195.0,4.806387401916335e-05
196.0,3.5515430173623815e-05
197.0,2.61791592497127e-05
198.0,1.92501722316715e-05
199.0,1.4120622831455678e-05
200.0,1.0332689891061102e-05
201.0,7.542464012179138e-06
202.0,5.492289322625595e-06
203.0,3.989641530728397e-06
204.0,2.8910436854239077e-06
205.0,2.089853010698979e-06
206.0,1.5070134803511717e-06
207.0,1.0840737838194303e-06
208.0,7.779306016678701e-07
209.0,5.568819974469927e-07
210.0,3.976727294807688e-07
211.0,2.832883733659848e-07
212.0,2.0131308314813096e-07
213.0,1.4271037870489675e-07
214.0,1.009205075369474e-07
215.0,7.11940340927363e-08
216.0,5.0101195316314084e-08
217.0,3.517166123780815e-08
218.0,2.4630769757300398e-08
219.0,1.720693018152529e-08
220.0,1.1991378665606692e-08
221.0,8.336334780619241e-09
222.0,5.781246484153282e-09
223.0,3.999522401490616e-09
224.0,2.760165290292769e-09
225.0,1.900213309843969e-09
226.0,1.3049982526701481e-09
227.0,8.94041777930181e-10
228.0,6.110067468484977e-10
229.0,4.165570672435081e-10
230.0,2.8329787517266474e-10
231.0,1.9219958086030034e-10
232.0,1.3007740497734032e-10
233.0,8.781962962311575e-11
234.0,5.914549175161491e-11
235.0,3.973671868204374e-11
236.0,2.66319315206368e-11
237.0,1.780547803925596e-11
238.0,1.187530901749358e-11
239.0,7.900898999294533e-12
240.0,5.243827652863334e-12
241.0,3.4718473169527093e-12
242.0,2.293047942717446e-12
243.0,1.510796469073985e-12
244.0,9.929767874798246e-13
245.0,6.510472971571141e-13
246.0,4.258202329444209e-13
247.0,2.7783077799514484e-13
248.0,1.8083176692053754e-13
249.0,1.1741116722788069e-13
250.0,7.604740415566844e-14
251.0,4.913598785515715e-14
252.0,3.167052759192848e-14
253.0,2.0363443204303608e-14
254.0,1.3061331075645295e-14
255.0,8.357261109995725e-15
