88.0,3.437415131502702
88.01,3.457970111886318
88.02000000000001,3.4787095438487365
88.03000000000002,3.4996356351949514
88.04000000000002,3.5207506267748845
88.05000000000003,3.5420567930770765
88.06000000000003,3.5635564428348308
88.07000000000004,3.5852519196451054
88.08000000000004,3.6071456026004416
88.09000000000005,3.629239906934279
88.10000000000005,3.65153728467995
88.11000000000006,3.6740402253436923
88.12000000000006,3.696751256592032
88.13000000000007,3.719672944953876
88.14000000000007,3.7428078965376796
88.15000000000008,3.7661587577640505
88.16000000000008,3.789728216114182
88.17000000000009,3.8135190008945017
88.18000000000009,3.8375338840179243
88.1900000000001,3.861775680802142
88.2000000000001,3.8862472507853654
88.21000000000011,3.910951498559945
88.22000000000011,3.9358913746243362
88.23000000000012,3.961069876253857
88.24000000000012,3.986490048390721
88.25000000000013,4.012154984553819
88.26000000000013,4.03806782776877
88.27000000000014,4.064231771518749
88.28000000000014,4.090650060716602
88.29000000000015,4.117325992698832
88.30000000000015,4.144262918241994
88.31000000000016,4.171464242602066
88.32000000000016,4.1989334265774145
88.33000000000017,4.22667398759596
88.34000000000017,4.254689500827154
88.35000000000018,4.28298360031944
88.36000000000018,4.31155998016384
88.37000000000019,4.3404223956843895
88.3800000000002,4.3695746646560725
88.3900000000002,4.399020668551048
88.4000000000002,4.428764353813863
88.41000000000021,4.458809733166455
88.42000000000021,4.489160886943729
88.43000000000022,4.519821964460522
88.44000000000023,4.550797185410823
88.45000000000023,4.582090841300059
88.46000000000024,4.613707296911427
88.47000000000024,4.645650991807117
88.48000000000025,4.6779264418654165
88.49000000000025,4.71053824085466
88.50000000000026,4.74349106204506
88.51000000000026,4.776789659859404
88.52000000000027,4.810438871563753
88.53000000000027,4.844443618999217
88.54000000000028,4.878808910355928
88.55000000000028,4.913539841990431
88.56000000000029,4.948641600287671
88.57000000000029,4.984119463568848
88.5800000000003,5.019978804046399
88.5900000000003,5.056225089827481
88.6000000000003,5.092863886967303
88.61000000000031,5.129900861573706
88.62000000000032,5.167341781964499
88.63000000000032,5.2051925208790255
88.64000000000033,5.243459057745517
88.65000000000033,5.282147481005867
88.66000000000034,5.321263990499453
88.67000000000034,5.36081489990776
88.68000000000035,5.400806639261521
88.69000000000035,5.441245757512253
88.70000000000036,5.4821389251700605
88.71000000000036,5.523492937009626
88.72000000000037,5.565314714846449
88.73000000000037,5.607611310385389
88.74000000000038,5.650389908143653
88.75000000000038,5.693657828450481
88.76000000000039,5.737422530525784
88.7700000000004,5.781691615640164
88.7800000000004,5.8264728303587034
88.7900000000004,5.871774069871119
88.80000000000041,5.917603381410878
88.81000000000041,5.963968967765976
88.82000000000042,6.010879190884218
88.83000000000042,6.058342575575883
88.84000000000043,6.106367813316758
88.85000000000043,6.154963766154694
88.86000000000044,6.204139470722862
88.87000000000045,6.25390414236304
88.88000000000045,6.304267179362384
88.89000000000046,6.355238167307249
88.90000000000046,6.406826883557751
88.91000000000047,6.459043301846857
88.92000000000047,6.511897597008018
88.93000000000048,6.565400149835404
88.94000000000048,6.619561552080973
88.95000000000049,6.674392611592821
88.96000000000049,6.729904357599319
88.9700000000005,6.786108046143786
88.9800000000005,6.843015165674568
88.9900000000005,6.900637442795626
89.00000000000051,6.95898684818286
89.01000000000052,7.018075602671619
89.02000000000052,7.077916183521072
89.03000000000053,7.13852133086128
89.04000000000053,7.199904054329037
89.05000000000054,7.262077639898828
89.06000000000054,7.325055656915386
89.07000000000055,7.38885196533469
89.08000000000055,7.453480723180397
89.09000000000056,7.518956394223072
89.10000000000056,7.585293755889758
89.11000000000057,7.6525079074117865
89.12000000000057,7.720614278219018
89.13000000000058,7.789628636588981
89.14000000000058,7.859567098559773
89.15000000000059,7.930446137115849
89.1600000000006,8.002282591656254
89.1700000000006,8.075093677755195
89.1800000000006,8.14889699722521
89.19000000000061,8.223710548493665
89.20000000000061,8.299552737303687
89.21000000000062,8.376442387751045
89.22000000000062,8.45439875366909
89.23000000000063,8.533441530374164
89.24000000000063,8.613590866784548
89.25000000000064,8.694867377926442
89.26000000000064,8.77729215784108
89.27000000000065,8.860886792907637
89.28000000000065,8.945673375597158
89.29000000000066,9.031674518673432
89.30000000000067,9.118913369857308
89.31000000000067,9.207413626971693
89.32000000000068,9.2971995535852
89.33000000000068,9.388295995173086
89.34000000000069,9.480728395814996
89.35000000000069,9.574522815449791
89.3600000000007,9.66970594770862
89.3700000000007,9.766305138348297
89.3800000000007,9.864348404307965
89.39000000000071,9.963864453413056
89.40000000000072,10.06488270475154
89.41000000000072,10.16743330974855
89.42000000000073,10.27154717396669
89.43000000000073,10.377255979660314
89.44000000000074,10.484592209113583
89.45000000000074,10.593589168793185
89.46000000000075,10.704281014348046
89.47000000000075,10.816702776489905
89.48000000000076,10.930890387789903
89.49000000000076,11.04688071042815
89.50000000000077,11.164711564934759
89.51000000000077,11.284421759962557
89.52000000000078,11.406051123133656
89.53000000000078,11.529640533003793
89.54000000000079,11.655231952190512
89.5500000000008,11.78286846171332
89.5600000000008,11.912594296596145
89.5700000000008,12.044454882784834
89.58000000000081,12.178496875434808
89.59000000000081,12.314768198626597
89.60000000000082,12.453318086569771
89.61000000000082,12.594197126358464
89.62000000000083,12.737457302344897
89.63000000000083,12.883152042200306
89.64000000000084,13.031336264736055
89.65000000000084,13.182066429561317
89.66000000000085,13.335400588657166
89.67000000000085,13.491398439951068
89.68000000000086,13.650121382979632
89.69000000000086,13.811632576731899
89.70000000000087,13.97599699977001
89.71000000000087,14.143281512728723
89.72000000000088,14.313554923300531
89.73000000000089,14.4868880538182
89.74000000000089,14.663353811552325
89.7500000000009,14.843027261847386
89.7600000000009,15.025985704225922
89.7700000000009,15.212308751597226
89.78000000000091,15.402078412713683
89.79000000000092,15.595379178025382
89.80000000000092,15.792298109091394
89.81000000000093,15.992924931714084
89.82000000000093,16.197352132971805
89.83000000000094,16.405675062334137
89.84000000000094,16.617992037053696
89.85000000000095,16.834404452038765
89.86000000000095,17.05501689442156
89.87000000000096,17.279937263048737
89.88000000000096,17.509276893132466
89.89000000000097,17.743150686313403
89.90000000000097,17.98167724640037
89.91000000000098,18.22497902106582
89.92000000000098,18.473182449791373
89.93000000000099,18.726418118373765
89.94000000000099,18.98482092031846
89.950000000001,19.24853022546641
89.960000000001,19.51769005621818
89.97000000000101,19.792449271740193
89.98000000000101,20.07296176055921
89.99000000000102,20.359386641973625
90.00000000000102,20.651888476734687
90.01000000000103,20.950637487475923
90.02000000000103,21.255809789396242
90.03000000000104,21.567587631731186
90.04000000000104,21.886159650576776
90.05000000000105,22.21172113366335
90.06000000000105,22.544474297710643
90.07000000000106,22.884628579032036
90.08000000000106,23.23240093809474
90.09000000000107,23.588016178783224
90.10000000000107,23.951707283157564
90.11000000000108,24.32371576254395
90.12000000000108,24.70429202584428
90.13000000000109,25.093695766003783
90.1400000000011,25.49219636563098
90.1500000000011,25.900073322823467
90.1600000000011,26.317616698315152
90.17000000000111,26.745127585127364
90.18000000000112,27.182918601976603
90.19000000000112,27.631314411766514
90.20000000000113,28.090652266571407
90.21000000000113,28.561282580602853
90.22000000000114,29.043569532740683
90.23000000000114,29.537891700304492
90.24000000000115,30.044642725843136
90.25000000000115,30.564232018826203
90.26000000000116,31.09708549423523
90.27000000000116,31.6436463501727
90.28000000000117,32.20437588673398
90.29000000000117,32.779754368522795
90.30000000000118,33.37028193333313
90.31000000000118,33.976479549671744
90.32000000000119,34.5988900259551
90.33000000000119,35.23807907438279
90.3400000000012,35.89463643266764
90.3500000000012,36.56917704698957
90.36000000000121,37.262342319737755
90.37000000000121,37.97480142581236
90.38000000000122,38.70725270147455
90.39000000000122,39.460425109961086
90.40000000000123,40.23507978831688
90.41000000000123,41.03201168014734
90.42000000000124,41.85205125924873
90.43000000000124,42.69606634934224
90.44000000000125,43.56496404541146
90.45000000000125,44.459692742426014
90.46000000000126,45.3812442775219
90.47000000000126,46.330656192001626
90.48000000000127,47.309014119811856
90.49000000000127,48.31745430944943
90.50000000000128,49.35716628653506
90.51000000000128,50.429395664574315
90.52000000000129,51.53544711168963
90.5300000000013,52.676687481351706
90.5400000000013,53.85454911535274
90.5500000000013,55.070533327439115
90.56000000000131,56.326214076146336
90.57000000000131,57.623241835438016
90.58000000000132,58.96334767172935
90.59000000000133,60.34834753575135
90.60000000000133,61.78014677746294
90.61000000000134,63.26074489181527
90.62000000000134,64.79224050258178
90.63000000000135,66.37683659065111
90.64000000000135,68.0168459720889
90.65000000000136,69.7146970298559
90.66000000000136,71.47293970125793
90.67000000000137,73.29425172092246
90.68000000000137,75.18144511625825
90.69000000000138,77.13747294885445
90.70000000000138,79.16543629099266
90.71000000000139,81.26859142123664
90.72000000000139,83.45035721676912
90.7300000000014,85.71432271256535
90.7400000000014,88.06425478841473
90.7500000000014,90.50410593396364
90.76000000000141,93.03802202906246
90.77000000000142,95.67035006141899
90.78000000000142,98.40564568550076
90.79000000000143,101.24868050535017
90.80000000000143,104.20444893898004
90.81000000000144,107.27817449273617
90.82000000000144,110.47531523982056
90.83000000000145,113.80156825736292
90.84000000000145,117.2628727302352
90.85000000000146,120.86541137639429
90.86000000000146,124.6156097870076
90.87000000000147,128.5201332040354
90.88000000000147,132.5858801773491
90.89000000000148,136.81997245191587
90.90000000000148,141.2297403322135
90.91000000000149,145.8227026551209
90.9200000000015,150.60654037359177
90.9300000000015,155.58906261136266
90.9400000000015,160.77816389424095
90.95000000000151,166.18177109743945
90.96000000000151,171.80777847331927
90.97000000000152,177.66396894360653
90.98000000000152,183.75791966039
90.99000000000153,190.09688966918756
91.00000000000153,196.68768735638477
91.01000000000154,203.53651524750202
91.02000000000155,210.64878966176613
91.03000000000155,218.0289327474493
91.04000000000156,225.68013455270543
91.05000000000156,233.60408306617762
91.06000000000157,241.80066063552363
91.07000000000157,250.2676058918752
91.08000000000158,259.0001413312763
91.09000000000158,267.99056809047227
91.10000000000159,277.2278312629785
91.11000000000159,286.69706138347755
91.1200000000016,296.3791004989051
91.1300000000016,306.2500245490054
91.1400000000016,316.2806775597685
91.15000000000161,326.4362373107988
91.16000000000162,336.6758364930651
91.17000000000162,346.9522676498522
91.18000000000163,357.2118040040671
91.19000000000163,367.39417111929566
91.20000000000164,377.4327056200398
91.21000000000164,387.25473624338554
91.22000000000165,396.7822186424843
91.23000000000165,405.93264803363513
91.24000000000166,414.62026260263485
91.25000000000166,422.7575355314514
91.26000000000167,430.2569350090698
91.27000000000167,437.0329106461871
91.28000000000168,443.00404290322024
91.29000000000168,448.0952715588591
91.30000000000169,452.2401023111044
91.3100000000017,455.3826797585009
91.3200000000017,457.4796123474161
91.3300000000017,458.50144173661175
91.34000000000171,458.43366569413695
91.35000000000171,457.27724912281445
91.36000000000172,455.0485899072105
91.37000000000172,451.778941820986
91.38000000000173,447.5133320460221
91.39000000000173,442.30904228609324
91.40000000000174,436.23374694072015
91.41000000000174,429.3634172792293
91.42000000000175,421.78010619844326
91.43000000000175,413.56972437772833
91.44000000000176,404.8199069198711
91.45000000000176,395.61805204238203
91.46000000000177,386.04959252176747
91.47000000000178,376.19653878590935
91.48000000000178,366.1363118350683
91.49000000000179,355.9408660601052
91.50000000000179,345.6760874403697
91.5100000000018,335.4014419151905
91.5200000000018,325.1698418516075
91.5300000000018,315.0276950733119
91.54000000000181,305.01510027661305
91.55000000000182,295.1661541670629
91.56000000000182,285.50933864538996
91.57000000000183,276.06796026452196
91.58000000000183,266.86061848438385
91.59000000000184,257.9016835949103
91.60000000000184,249.2017692964812
91.61000000000185,240.76818865245826
91.62000000000185,232.60538537009722
91.63000000000186,224.71533509228595
91.64000000000186,217.0979136035529
91.65000000000187,209.75123060690223
91.66000000000187,202.67192906597094
91.67000000000188,195.85545108914908
91.68000000000188,189.29627201861916
91.69000000000189,182.98810483432703
91.70000000000189,176.92407724160998
91.7100000000019,171.09688392572116
91.7200000000019,165.49891646398802
91.73000000000191,160.12237331729398
91.74000000000191,154.95935220139833
91.75000000000192,150.0019269843962
91.76000000000192,145.24221108397452
91.77000000000193,140.6724091579043
91.78000000000193,136.28485870128804
91.79000000000194,132.07206298992583
91.80000000000194,128.02671664439129
91.81000000000195,124.14172493622418
91.82000000000195,120.41021781720866
91.83000000000196,116.82555952539536
91.84000000000196,113.38135450720218
91.85000000000197,110.07145029306874
91.86000000000197,106.8899378740022
91.87000000000198,103.83115004705333
91.88000000000198,100.88965812835323
91.89000000000199,98.06026737187403
91.900000000002,95.33801137960666
91.910000000002,92.71814574349557
91.920000000002,90.19614112040152
91.93000000000201,87.76767590781532
91.94000000000202,85.42862865933179
91.95000000000202,83.1750703543863
91.96000000000203,81.00325661590298
91.97000000000203,78.90961995181307
91.98000000000204,76.8907620814372
91.99000000000204,74.94344639510712
92.00000000000205,73.06459058479929
92.01000000000205,71.25125947467134
92.02000000000206,69.50065807298624
92.03000000000206,67.81012486075633
92.04000000000207,66.17712532735482
92.05000000000207,64.5992457591642
92.06000000000208,63.0741872839187
92.07000000000208,61.599760170634426
92.08000000000209,60.173878382803174
92.09000000000209,58.794554380766186
92.1000000000021,57.45989416780952
92.1100000000021,56.16809257346917
92.12000000000211,54.917428766747115
92.13000000000211,53.706261991374824
92.14000000000212,52.533027514878356
92.15000000000212,51.39623278296688
92.16000000000213,50.29445377065669
92.17000000000213,49.226331521532046
92.18000000000214,48.19056886661234
92.19000000000214,47.18592731442742
92.20000000000215,46.21122410408289
92.21000000000215,45.26532941331643
92.22000000000216,44.34716371379294
92.23000000000216,43.45569526615301
92.24000000000217,42.589937747611
92.25000000000217,41.74894800518797
92.26000000000218,40.93182392795823
92.27000000000218,40.13770243198328
92.28000000000219,39.36575755189806
92.2900000000022,38.61519863340282
92.3000000000022,37.88526862119484
92.3100000000022,37.17524243714839
92.32000000000221,36.4844254438168
92.33000000000222,35.81215198858634
92.34000000000222,35.15778402405855
92.35000000000223,34.52070980047315
92.36000000000223,33.90034262621105
92.37000000000224,33.296119692631706
92.38000000000224,32.70750095970591
92.39000000000225,32.133968099100215
92.40000000000225,31.575023491555754
92.41000000000226,31.030189275580593
92.42000000000226,30.499006444642173
92.43000000000227,29.98103399020498
92.44000000000227,29.475848088108386
92.45000000000228,28.98304132592167
92.46000000000228,28.50222196904696
92.47000000000229,28.033013263467495
92.48000000000229,27.575052773157942
92.4900000000023,27.12799175028627
92.5000000000023,26.691494536442676
92.51000000000231,26.265237993231526
92.52000000000231,25.848910960656443
92.53000000000232,25.44221374181762
92.54000000000232,25.04485761252439
92.55000000000233,24.656564354504944
92.56000000000233,24.27706581096917
92.57000000000234,23.90610346335116
92.58000000000234,23.543428028123174
92.59000000000235,23.188799072635494
92.60000000000235,22.841984648994803
92.61000000000236,22.502760945048564
92.62000000000236,22.17091195159529
92.63000000000237,21.846229144988634
92.64000000000237,21.52851118434992
92.65000000000238,21.21756362264652
92.66000000000238,20.91319863093436
92.67000000000239,20.61523473510156
92.6800000000024,20.3234965644858
92.6900000000024,20.03781461177272
92.7000000000024,19.758025003614346
92.71000000000241,19.48396928143689
92.72000000000241,19.215494191936088
92.73000000000242,18.952451486784618
92.74000000000242,18.69469773110202
92.75000000000243,18.442094120261196
92.76000000000244,18.19450630462796
92.77000000000244,17.95180422185191
92.78000000000245,17.713861936346294
92.79000000000245,17.48055748561412
92.80000000000246,17.25177273309516
92.81000000000246,17.02739322722563
92.82000000000247,16.80730806641825
92.83000000000247,16.591409769685328
92.84000000000248,16.379594152641793
92.85000000000248,16.171760208638627
92.86000000000249,15.967809994789615
92.87000000000249,15.767648522666567
92.8800000000025,15.571183653449397
92.8900000000025,15.378325997328067
92.9000000000025,15.188988816963832
92.91000000000251,15.003087934826453
92.92000000000252,14.82054164423346
92.93000000000252,14.641270623925914
92.94000000000253,14.465197856023302
92.95000000000253,14.292248547207997
92.96000000000254,14.122350052996842
92.97000000000254,13.955431804964475
92.98000000000255,13.79142524078947
92.99000000000255,13.630263737000531
93.00000000000256,13.47188254430603
93.01000000000256,13.31621872539548
93.02000000000257,13.163211095107092
93.03000000000257,13.01280016286041
93.04000000000258,12.864928077257705
93.05000000000258,12.719538572762627
93.06000000000259,12.576576918368481
93.0700000000026,12.43598986817288
93.0800000000026,12.297725613779255
93.0900000000026,12.1617337384493
93.10000000000261,12.027965172934094
93.11000000000261,11.89637215291473
93.12000000000262,11.766908177986592
93.13000000000262,11.63952797212434
93.14000000000263,11.514187445567439
93.15000000000263,11.390843658068913
93.16000000000264,11.269454783452414
93.17000000000264,11.149980075425244
93.18000000000265,11.03237983459727
93.19000000000266,10.916615376657782
93.20000000000266,10.802649001664673
93.21000000000267,10.690443964402002
93.22000000000267,10.579964445764267
93.23000000000268,10.471175525127213
93.24000000000268,10.364043153666922
93.25000000000269,10.25853412859052
93.26000000000269,10.15461606824344
93.2700000000027,10.052257388059548
93.2800000000027,9.951427277322109
93.2900000000027,9.852095676704657
93.30000000000271,9.754233256562348
93.31000000000272,9.657811395945492
93.32000000000272,9.562802162308163
93.33000000000273,9.469178291885962
93.34000000000273,9.37691317071802
93.35000000000274,9.285980816289376
93.36000000000274,9.196355859770907
93.37000000000275,9.108013528834771
93.38000000000275,9.020929631024426
93.39000000000276,8.935080537658939
93.40000000000276,8.85044316825227
93.41000000000277,8.766994975428917
93.42000000000277,8.684713930318045
93.43000000000278,8.603578508409015
93.44000000000278,8.523567675851806
93.45000000000279,8.444660876186553
93.4600000000028,8.366838017487037
93.4700000000028,8.290079459903488
93.4800000000028,8.214366003590767
93.49000000000281,8.139678877008386
93.50000000000281,8.065999725579477
93.51000000000282,7.993310600696255
93.52000000000282,7.921593949059978
93.53000000000283,7.8508326023439725
93.54000000000283,7.7810097671685865
93.55000000000284,7.7121090153774725
93.56000000000284,7.6441142746049655
93.57000000000285,7.577009819124667
93.58000000000285,7.5107802609698044
93.59000000000286,7.445410541316201
93.60000000000286,7.380885922119089
93.61000000000287,7.317191977995329
93.62000000000288,7.254314588342845
93.63000000000288,7.192239929689478
93.64000000000289,7.13095446826369
93.65000000000289,7.070444952779821
93.6600000000029,7.010698407430931
93.6700000000029,6.9517021250824165
93.6800000000029,6.893443660659952
93.69000000000291,6.835910824725411
93.70000000000292,6.779091677234792
93.71000000000292,6.722974521472252
93.72000000000293,6.667547898154653
93.73000000000293,6.612800579701186
93.74000000000294,6.558721564662869
93.75000000000294,6.505300072306817
93.76000000000295,6.452525537350454
93.77000000000295,6.400387604840969
93.78000000000296,6.348876125175456
93.79000000000296,6.297981149257368
93.80000000000297,6.247692923785087
93.81000000000297,6.19800188666848
93.82000000000298,6.148898662569549
93.83000000000298,6.100374058563338
93.84000000000299,6.052419059915446
93.85000000000299,6.005024825972588
93.860000000003,5.958182686162746
93.870000000003,5.9118841361016745
93.88000000000301,5.866120833802468
93.89000000000301,5.820884595985148
93.90000000000302,5.776167394483294
93.91000000000302,5.731961352744779
93.92000000000303,5.688258742423841
93.93000000000303,5.6450519800618135
93.94000000000304,5.602333623853851
93.95000000000304,5.5600963704991635
93.96000000000305,5.518333052132292
93.97000000000305,5.477036633333086
93.98000000000306,5.436200208213068
93.99000000000306,5.395816997575979
94.00000000000307,5.355880346150392
94.01000000000307,5.316383719892278
94.02000000000308,5.277320703355536
94.03000000000308,5.238684997128573
94.04000000000309,5.200470415334995
94.0500000000031,5.162670883196656
94.0600000000031,5.125280434657233
94.0700000000031,5.088293210064698
94.08000000000311,5.051703453910956
94.09000000000312,5.015505512627098
94.10000000000312,4.979693832432714
94.11000000000313,4.944262957237735
94.12000000000313,4.909207526595367
94.13000000000314,4.874522273704724
94.14000000000314,4.840202023461746
94.15000000000315,4.806241690557122
94.16000000000315,4.7726362776198945
94.17000000000316,4.739380873405546
94.18000000000316,4.706470651027308
94.19000000000317,4.673900866229548
94.20000000000317,4.641666855702119
94.21000000000318,4.609764035434519
94.22000000000318,4.57818789910883
94.23000000000319,4.546934016530406
94.24000000000319,4.515998032095265
94.2500000000032,4.485375663293245
94.2600000000032,4.455062699245969
94.27000000000321,4.425054999278695
94.28000000000321,4.39534849152515
94.29000000000322,4.365939171564511
94.30000000000322,4.336823101089672
94.31000000000323,4.307996406605978
94.32000000000323,4.279455278159646
94.33000000000324,4.251195968095111
94.34000000000324,4.223214789840522
94.35000000000325,4.195508116720694
94.36000000000325,4.168072380796795
94.37000000000326,4.140904071732092
94.38000000000326,4.113999735683078
94.39000000000327,4.087355974215352
94.40000000000327,4.060969443243624
94.41000000000328,4.0348368519952125
94.42000000000328,4.008954961996469
94.43000000000329,3.9833205860815495
94.4400000000033,3.9579305874229544
94.4500000000033,3.9327818785833144
94.4600000000033,3.907871420587893
94.47000000000331,3.883196222017272
94.48000000000332,3.8587533381197456
94.49000000000332,3.8345398699429145
94.50000000000333,3.810552963484033
94.51000000000333,3.7867898088586234
94.52000000000334,3.7632476394869254
94.53000000000334,3.739923731297753
94.54000000000335,3.716815401949315
94.55000000000335,3.6939200100666043
94.56000000000336,3.671234954494955
94.57000000000336,3.6487576735693725
94.58000000000337,3.626485644399257
94.59000000000337,3.6044163821681545
94.60000000000338,3.5825474394481853
94.61000000000338,3.560876405528784
94.62000000000339,3.5394009057594156
94.63000000000339,3.518118600905955
94.6400000000034,3.4970271865203837
94.6500000000034,3.476124392323495
94.66000000000341,3.45540798160032
94.67000000000341,3.4348757506079566
94.68000000000342,3.41452552799552
94.69000000000342,3.394355174235934
94.70000000000343,3.374362581069288
94.71000000000343,3.3545456709574895
94.72000000000344,3.334902396549948
94.73000000000344,3.3154307401600556
94.74000000000345,3.2961287132521893
94.75000000000345,3.2769943559390113
94.76000000000346,3.2580257364888325
94.77000000000346,3.239220950842806
94.78000000000347,3.220578122141719
94.79000000000347,3.202095400262193
94.80000000000348,3.183770961362045
94.81000000000348,3.16560300743463
94.82000000000349,3.14758976587195
94.8300000000035,3.1297294890363454
94.8400000000035,3.1120204538405583
94.8500000000035,3.0944609613359972
94.86000000000351,3.077049336309025
94.87000000000351,3.059783926885068
94.88000000000352,3.0426631041404013
94.89000000000352,3.0256852617214256
94.90000000000353,3.00884881547128
94.91000000000354,2.9921522030636147
94.92000000000354,2.9755938836433864
94.93000000000355,2.959172337474515
94.94000000000355,2.942886065594252
94.95000000000356,2.9267335894741042
94.96000000000356,2.910713450687204
94.97000000000357,2.8948242105819477
94.98000000000357,2.87906444996179
94.99000000000358,2.863432768771067
95.00000000000358,2.847927785786695
95.01000000000359,2.832548138315649
95.02000000000359,2.8172924818980682
95.0300000000036,2.802159490015903
95.0400000000036,2.7871478538069514
95.0500000000036,2.7722562817841965
95.06000000000361,2.757483499560321
95.07000000000362,2.7428282495772964
95.08000000000362,2.7282892908409346
95.09000000000363,2.7138653986603014
95.10000000000363,2.6995553643918977
95.11000000000364,2.6853579951884856
95.12000000000364,2.6712721137525026
95.13000000000365,2.657296558093926
95.14000000000365,2.6434301812925276
95.15000000000366,2.62967185126441
95.16000000000366,2.616020450532751
95.17000000000367,2.602474876002653
95.18000000000367,2.5890340387400292
95.19000000000368,2.575696863754438
95.20000000000368,2.562462289785782
95.21000000000369,2.549329269094797
95.2200000000037,2.536296767257259
95.2300000000037,2.523363762961826
95.2400000000037,2.5105292478114416
95.25000000000371,2.4977922261282366
95.26000000000371,2.485151714761855
95.27000000000372,2.472606742901132
95.28000000000372,2.460156351889059
95.29000000000373,2.4477995950409785
95.30000000000373,2.4355355374659333
95.31000000000374,2.4233632558911085
95.32000000000374,2.4112818384893178
95.33000000000375,2.399290384709462
95.34000000000376,2.387388005109903
95.35000000000376,2.375573821194697
95.36000000000377,2.3638469652526397
95.37000000000377,2.3522065801990553
95.38000000000378,2.3406518194202794
95.39000000000378,2.3291818466207936
95.40000000000379,2.317795835672949
95.41000000000379,2.3064929704692267
95.4200000000038,2.295272444777006
95.4300000000038,2.2841334620957654
95.4400000000038,2.27307523551669
95.45000000000381,2.262096987584627
95.46000000000382,2.2511979501623567
95.47000000000382,2.2403773642971196
95.48000000000383,2.2296344800893713
95.49000000000383,2.2189685565637127
95.50000000000384,2.2083788615419624
95.51000000000384,2.19786467151832
95.52000000000385,2.1874252715365965
95.53000000000385,2.1770599550694585
95.54000000000386,2.166768023899653
95.55000000000386,2.1565487880031844
95.56000000000387,2.1464015654343926
95.57000000000387,2.136325682212908
95.58000000000388,2.1263204722124427
95.59000000000388,2.1163852770513896
95.60000000000389,2.1065194459851884
95.6100000000039,2.096722335800431
95.6200000000039,2.0869933107106777
95.6300000000039,2.0773317422539415
95.64000000000391,2.067737009191818
95.65000000000391,2.0582084974102397
95.66000000000392,2.0487455998217987
95.67000000000392,2.0393477162696407
95.68000000000393,2.0300142534328756
95.69000000000393,2.020744624733497
95.70000000000394,2.01153825024477
95.71000000000394,2.0023945566010664
95.72000000000395,1.9933129769091207
95.73000000000395,1.9842929506606832
95.74000000000396,1.9753339236465395
95.75000000000396,1.9664353478718788
95.76000000000397,1.9575966814729844
95.77000000000398,1.9488173886352176
95.78000000000398,1.9400969395122825
95.79000000000399,1.9314348101467416
95.80000000000399,1.922830482391759
95.810000000004,1.9142834438340561
95.820000000004,1.9057931877180538
95.830000000004,1.897359212871181
95.84000000000401,1.8889810236303268
95.85000000000402,1.8806581297694258
95.86000000000402,1.8723900464281422
95.87000000000403,1.8641762940416469
95.88000000000403,1.8560163982714584
95.89000000000404,1.8479098899373387
95.90000000000404,1.8398563049502175
95.91000000000405,1.831855184246129
95.92000000000405,1.8239060737211519
95.93000000000406,1.8160085241673207
95.94000000000406,1.808162091209504
95.95000000000407,1.8003663352432295
95.96000000000407,1.7926208213734371
95.97000000000408,1.7849251193541462
95.98000000000408,1.7772788035290221
95.99000000000409,1.769681452772827
96.00000000000409,1.7621326504337396
96.0100000000041,1.7546319842765217
96.0200000000041,1.7471790464265347
96.03000000000411,1.7397734333145762
96.04000000000411,1.7324147456225243
96.05000000000412,1.725102588229788
96.06000000000412,1.717836570160532
96.07000000000413,1.7106163045316833
96.08000000000413,1.7034414085016902
96.09000000000414,1.6963115032200264
96.10000000000414,1.6892262137774308
96.11000000000415,1.6821851691568723
96.12000000000415,1.6751880021852157
96.13000000000416,1.668234349485591
96.14000000000416,1.6613238514304518
96.15000000000417,1.6544561520952994
96.16000000000417,1.6476308992130801
96.17000000000418,1.640847744129233
96.18000000000418,1.634106341757375
96.19000000000419,1.6274063505356255
96.2000000000042,1.620747432383551
96.2100000000042,1.6141292526597146
96.2200000000042,1.6075514801198378
96.23000000000421,1.6010137868755479
96.24000000000422,1.594515848353707
96.25000000000422,1.5880573432563194
96.26000000000423,1.5816379535209975
96.27000000000423,1.575257364281986
96.28000000000424,1.5689152638317334
96.29000000000424,1.5626113435829936
96.30000000000425,1.5563452980314654
96.31000000000425,1.550116824718948
96.32000000000426,1.5439256241970063
96.33000000000426,1.537771399991144
96.34000000000427,1.531653858565474
96.35000000000427,1.52557270928787
96.36000000000428,1.5195276643956048
96.37000000000428,1.513518438961463
96.38000000000429,1.5075447508603113
96.39000000000429,1.5016063207361332
96.4000000000043,1.4957028719695171
96.4100000000043,1.4898341306455796
96.42000000000431,1.483999825522334
96.43000000000431,1.4781996879994868
96.44000000000432,1.4724334520876563
96.45000000000432,1.4667008543780091
96.46000000000433,1.4610016340123106
96.47000000000433,1.4553355326533726
96.48000000000434,1.4497022944559084
96.49000000000434,1.4441016660377703
96.50000000000435,1.4385333964515812
96.51000000000435,1.4329972371567425
96.52000000000436,1.4274929419918152
96.53000000000436,1.4220202671472717
96.54000000000437,1.4165789711386132
96.55000000000437,1.4111688147798371
96.56000000000438,1.4057895611572626
96.57000000000438,1.4004409756037044
96.58000000000439,1.3951228256729802
96.5900000000044,1.3898348811147612
96.6000000000044,1.3845769138497543
96.6100000000044,1.3793486979452059
96.62000000000441,1.3741500095907284
96.63000000000442,1.36898062707445
96.64000000000442,1.3638403307594644
96.65000000000443,1.3587289030605991
96.66000000000443,1.3536461284214807
96.67000000000444,1.348591793291898
96.68000000000444,1.3435656861054626
96.69000000000445,1.3385675972575546
96.70000000000445,1.333597319083556
96.71000000000446,1.3286546458373676
96.72000000000446,1.3237393736701948
96.73000000000447,1.3188513006096143
96.74000000000447,1.3139902265389076
96.75000000000448,1.3091559531766548
96.76000000000448,1.3043482840565945
96.77000000000449,1.2995670245077409
96.78000000000449,1.2948119816347488
96.7900000000045,1.2900829642985348
96.8000000000045,1.285379783097142
96.81000000000451,1.2807022503468464
96.82000000000451,1.2760501800635018
96.83000000000452,1.2714233879441257
96.84000000000452,1.2668216913487091
96.85000000000453,1.2622449092822619
96.86000000000453,1.2576928623770813
96.87000000000454,1.253165372875242
96.88000000000454,1.2486622646113066
96.89000000000455,1.2441833629952535
96.90000000000455,1.2397284949956122
96.91000000000456,1.235297489122818
96.92000000000456,1.2308901754127626
96.93000000000457,1.2265063854105576
96.94000000000457,1.222145952154496
96.95000000000458,1.21780871016021
96.96000000000458,1.213494495405027
96.97000000000459,1.2092031453125194
96.9800000000046,1.2049344987372397
96.9900000000046,1.2006883959496468
97.0000000000046,1.1964646786212194
97.01000000000461,1.1922631898097429
97.02000000000461,1.1880837739447858
97.03000000000462,1.1839262768133483
97.04000000000462,1.1797905455456836
97.05000000000463,1.1756764286012975
97.06000000000464,1.1715837757551133
97.07000000000464,1.167512438083804
97.08000000000465,1.1634622679522928
97.09000000000465,1.159433119000415
97.10000000000466,1.1554248461297387
97.11000000000466,1.151437305490549
97.12000000000467,1.147470354468981
97.13000000000467,1.1435238516743147
97.14000000000468,1.1395976569264183
97.15000000000468,1.1356916312433398
97.16000000000469,1.1318056368290494
97.17000000000469,1.127939537061329
97.1800000000047,1.1240931964798002
97.1900000000047,1.1202664807741003
97.2000000000047,1.116459256772195
97.21000000000471,1.1126713924288296
97.22000000000472,1.1089027568141185
97.23000000000472,1.105153220102267
97.24000000000473,1.1014226535604255
97.25000000000473,1.0977109295376772
97.26000000000474,1.0940179214541546
97.27000000000474,1.0903435037902787
97.28000000000475,1.0866875520761303
97.29000000000475,1.0830499428809428
97.30000000000476,1.0794305538027154
97.31000000000476,1.07582926345795
97.32000000000477,1.0722459514715066
97.33000000000477,1.0686804984665743
97.34000000000478,1.065132786054763
97.35000000000478,1.0616026968263022
97.36000000000479,1.0580901143403607
97.3700000000048,1.0545949231154736
97.3800000000048,1.051117008620079
97.3900000000048,1.0476562572631645
97.40000000000481,1.0442125563850226
97.41000000000481,1.0407857942481076
97.42000000000482,1.0373758600280005
97.43000000000482,1.033982643804477
97.44000000000483,1.030606036552674
97.45000000000483,1.027245930134359
97.46000000000484,1.0239022172893004
97.47000000000484,1.0205747916267298
97.48000000000485,1.0172635476169065
97.49000000000485,1.0139683805827757
97.50000000000486,1.0106891866917194
97.51000000000487,1.0074258629473996
97.52000000000487,1.0041783071816983
97.53000000000488,1.0009464180467407
97.54000000000488,0.9977300950070136
97.55000000000489,0.9945292383315687
97.56000000000489,0.9913437490863138
97.5700000000049,0.9881735291263921
97.5800000000049,0.9850184810886417
97.5900000000049,0.9818785083841436
97.60000000000491,0.9787535151908507
97.61000000000492,0.9756434064462965
97.62000000000492,0.9725480878403875
97.63000000000493,0.9694674658082746
97.64000000000493,0.9664014475233006
97.65000000000494,0.963349940890029
97.66000000000494,0.9603128545373472
97.67000000000495,0.9572900978116453
97.68000000000495,0.9542815807700706
97.69000000000496,0.951287214173857
97.70000000000496,0.9483069094817234
97.71000000000497,0.9453405788433481
97.72000000000497,0.9423881350929139
97.73000000000498,0.9394494917427195
97.74000000000498,0.9365245629768651
97.75000000000499,0.933613263645005
97.760000000005,0.9307155092561646
97.770000000005,0.9278312159726305
97.780000000005,0.9249603006038998
97.79000000000501,0.9221026806006991
97.80000000000501,0.9192582740490677
97.81000000000502,0.9164269996645007
97.82000000000502,0.9136087767861593
97.83000000000503,0.9108035253711412
97.84000000000503,0.908011165988811
97.85000000000504,0.9052316198151934
97.86000000000504,0.902464808627426
97.87000000000505,0.8997106547982682
97.88000000000505,0.8969690812906727
97.89000000000506,0.8942400116524121
97.90000000000506,0.8915233700107618
97.91000000000507,0.8888190810672417
97.92000000000507,0.8861270700924121
97.93000000000508,0.8834472629207227
97.94000000000509,0.8807795859454192
97.95000000000509,0.8781239661135022
97.9600000000051,0.8754803309207371
97.9700000000051,0.8728486084067194
97.9800000000051,0.8702287271499896
97.99000000000511,0.8676206162631995
98.00000000000512,0.8650242053883308
98.01000000000512,0.8624394246919606
98.02000000000513,0.859866204860577
98.03000000000513,0.8573044770959469
98.04000000000514,0.8547541731105257
98.05000000000514,0.8522152251229198
98.06000000000515,0.849687565853394
98.07000000000515,0.8471711285194247
98.08000000000516,0.8446658468312995
98.09000000000516,0.8421716549877646
98.10000000000517,0.8396884876717118
98.11000000000517,0.8372162800459143
98.12000000000518,0.8347549677488052
98.13000000000518,0.8323044868902975
98.14000000000519,0.8298647740476479
98.15000000000519,0.8274357662613656
98.1600000000052,0.8250174010311567
98.1700000000052,0.8226096163119158
98.18000000000521,0.8202123505097558
98.19000000000521,0.8178255424780771
98.20000000000522,0.8154491315136794
98.21000000000522,0.8130830573529096
98.22000000000523,0.8107272601678513
98.23000000000523,0.8083816805625522
98.24000000000524,0.806046259569288
98.25000000000524,0.8037209386448649
98.26000000000525,0.8014056596669614
98.27000000000525,0.7991003649305024
98.28000000000526,0.7968049971440736
98.29000000000526,0.7945194994263698
98.30000000000527,0.7922438153026787
98.31000000000527,0.789977888701401
98.32000000000528,0.7877216639506042
98.33000000000528,0.7854750857746107
98.34000000000529,0.7832380992906199
98.3500000000053,0.7810106500053653
98.3600000000053,0.7787926838118014
98.3700000000053,0.7765841469858265
98.38000000000531,0.7743849861830375
98.39000000000532,0.7721951484355142
98.40000000000532,0.7700145811486385
98.41000000000533,0.7678432320979437
98.42000000000533,0.7656810494259928
98.43000000000534,0.7635279816392915
98.44000000000534,0.7613839776052279
98.45000000000535,0.7592489865490427
98.46000000000535,0.7571229580508321
98.47000000000536,0.755005842042575
98.48000000000536,0.7528975888051932
98.49000000000537,0.7507981489656387
98.50000000000537,0.7487074734940089
98.51000000000538,0.7466255137006904
98.52000000000538,0.7445522212335309
98.53000000000539,0.742487548075037
98.54000000000539,0.7404314465396008
98.5500000000054,0.7383838692707523
98.5600000000054,0.7363447692384382
98.57000000000541,0.7343140997363271
98.58000000000541,0.7322918143791421
98.59000000000542,0.730277867100015
98.60000000000542,0.7282722121478704
98.61000000000543,0.7262748040848329
98.62000000000543,0.7242855977836578
98.63000000000544,0.7223045484251889
98.64000000000544,0.7203316114958381
98.65000000000545,0.7183667427850915
98.66000000000545,0.7164098983830366
98.67000000000546,0.7144610346779151
98.68000000000546,0.7125201083536972
98.69000000000547,0.7105870763876809
98.70000000000547,0.708661896048112
98.71000000000548,0.706744524891827
98.72000000000548,0.7048349207619203
98.73000000000549,0.7029330417854298
98.7400000000055,0.7010388463710472
98.7500000000055,0.699152293206849
98.7600000000055,0.6972733412580482
98.77000000000551,0.6954019497647668
98.78000000000551,0.6935380782398314
98.79000000000552,0.6916816864665865
98.80000000000553,0.6898327344967297
98.81000000000553,0.6879911826481674
98.82000000000554,0.6861569915028896
98.83000000000554,0.6843301219048642
98.84000000000555,0.6825105349579533
98.85000000000555,0.6806981920238444
98.86000000000556,0.6788930547200054
98.87000000000556,0.6770950849176555
98.88000000000557,0.6753042447397551
98.89000000000557,0.6735204965590171
98.90000000000558,0.6717438029959321
98.91000000000558,0.6699741269168142
98.92000000000559,0.6682114314318662
98.93000000000559,0.6664556798932593
98.9400000000056,0.6647068358932319
98.9500000000056,0.6629648632622074
98.9600000000056,0.661229726066926
98.97000000000561,0.6595013886085958
98.98000000000562,0.6577798154210607
98.99000000000562,0.6560649712689836
99.00000000000563,0.6543568211460473
99.01000000000563,0.6526553302731718
99.02000000000564,0.6509604640967468
99.03000000000564,0.6492721882868805
99.04000000000565,0.6475904687356658
99.05000000000565,0.6459152715554591
99.06000000000566,0.6442465630771783
99.07000000000566,0.6425843098486121
99.08000000000567,0.6409284786327484
99.09000000000567,0.6392790364061155
99.10000000000568,0.6376359503571379
99.11000000000568,0.6359991878845082
99.12000000000569,0.6343687165955733
99.1300000000057,0.6327445043047336
99.1400000000057,0.6311265190318589
99.1500000000057,0.6295147290007159
99.16000000000571,0.6279091026374121
99.17000000000571,0.6263096085688504
99.18000000000572,0.6247162156212025
99.19000000000572,0.6231288928183892
99.20000000000573,0.6215476093805803
99.21000000000573,0.619972334722704
99.22000000000574,0.618403038452971
99.23000000000575,0.6168396903714107
99.24000000000575,0.6152822604684222
99.25000000000576,0.613730718923335
99.26000000000576,0.6121850361029854
99.27000000000577,0.6106451825603038
99.28000000000577,0.6091111290329141
99.29000000000578,0.607582846441747
99.30000000000578,0.6060603058896634
99.31000000000579,0.6045434786600913
99.32000000000579,0.6030323362156745
99.3300000000058,0.6015268501969319
99.3400000000058,0.6000269924209296
99.3500000000058,0.5985327348799652
99.36000000000581,0.5970440497402605
99.37000000000582,0.5955609093406696
99.38000000000582,0.5940832861913956
99.39000000000583,0.5926111529727179
99.40000000000583,0.5911444825337335
99.41000000000584,0.5896832478911059
99.42000000000584,0.5882274222278265
99.43000000000585,0.5867769788919863
99.44000000000585,0.5853318913955591
99.45000000000586,0.5838921334131921
99.46000000000586,0.5824576787810115
99.47000000000587,0.5810285014954342
99.48000000000587,0.579604575711992
99.49000000000588,0.578185875744165
99.50000000000588,0.5767723760622253
99.51000000000589,0.5753640512920897
99.5200000000059,0.5739608762141842
99.5300000000059,0.5725628257623159
99.5400000000059,0.5711698750225551
99.55000000000591,0.5697819992321285
99.56000000000591,0.5683991737783191
99.57000000000592,0.5670213741973772
99.58000000000592,0.5656485761734416
99.59000000000593,0.564280755537466
99.60000000000593,0.5629178882661591
99.61000000000594,0.5615599504809304
99.62000000000594,0.5602069184468466
99.63000000000595,0.5588587685715956
99.64000000000595,0.5575154774044602
99.65000000000596,0.5561770216352997
99.66000000000597,0.5548433780935403
99.67000000000597,0.5535145237471745
99.68000000000598,0.5521904357017671
99.69000000000598,0.5508710911994716
99.70000000000599,0.549556467618054
99.71000000000599,0.5482465424699241
99.720000000006,0.5469412934011756
99.730000000006,0.5456406981906339
99.740000000006,0.5443447347489115
99.75000000000601,0.5430533811174729
99.76000000000602,0.5417666154677039
99.77000000000602,0.5404844160999922
99.78000000000603,0.5392067614428134
99.79000000000603,0.5379336300518253
99.80000000000604,0.5366650006089689
99.81000000000604,0.5354008519215787
99.82000000000605,0.5341411629214974
99.83000000000605,0.5328859126642006
99.84000000000606,0.5316350803279274
99.85000000000606,0.5303886452128178
99.86000000000607,0.529146586740058
99.87000000000607,0.5279088844510326
99.88000000000608,0.5266755180064824
99.89000000000608,0.525446467185671
99.90000000000609,0.5242217118855577
99.9100000000061,0.523001232119975
99.9200000000061,0.5217850080188163
99.9300000000061,0.5205730198272274
99.94000000000611,0.5193652479048055
99.95000000000611,0.5181616727248057
99.96000000000612,0.5169622748733516
99.97000000000612,0.515767035048654
99.98000000000613,0.5145759340602366
99.99000000000613,0.5133889528281655
