88.0,0.0
88.01,0.0
88.02000000000001,0.0
88.03000000000002,0.0
88.04000000000002,0.0
88.05000000000003,0.0
88.06000000000003,0.0
88.07000000000004,0.0
88.08000000000004,0.0
88.09000000000005,0.0
88.10000000000005,0.0
88.11000000000006,0.0
88.12000000000006,0.0
88.13000000000007,0.0
88.14000000000007,0.0
88.15000000000008,0.0
88.16000000000008,0.0
88.17000000000009,0.0
88.18000000000009,0.0
88.1900000000001,0.0
88.2000000000001,0.0
88.21000000000011,0.0
88.22000000000011,0.0
88.23000000000012,0.0
88.24000000000012,0.0
88.25000000000013,0.0
88.26000000000013,0.0
88.27000000000014,0.0
88.28000000000014,0.0
88.29000000000015,0.0
88.30000000000015,0.0
88.31000000000016,0.0
88.32000000000016,0.0
88.33000000000017,0.0
88.34000000000017,0.0
88.35000000000018,0.0
88.36000000000018,0.0
88.37000000000019,0.0
88.3800000000002,0.0
88.3900000000002,0.0
88.4000000000002,0.0
88.41000000000021,0.0
88.42000000000021,0.0
88.43000000000022,0.0
88.44000000000023,0.0
88.45000000000023,0.0
88.46000000000024,0.0
88.47000000000024,0.0
88.48000000000025,0.0
88.49000000000025,0.0
88.50000000000026,0.0
88.51000000000026,0.0
88.52000000000027,0.0
88.53000000000027,0.0
88.54000000000028,0.0
88.55000000000028,0.0
88.56000000000029,0.0
88.57000000000029,0.0
88.5800000000003,0.0
88.5900000000003,0.0
88.6000000000003,0.0
88.61000000000031,0.0
88.62000000000032,0.0
88.63000000000032,0.0
88.64000000000033,0.0
88.65000000000033,0.0
88.66000000000034,0.0
88.67000000000034,0.0
88.68000000000035,0.0
88.69000000000035,0.0
88.70000000000036,0.0
88.71000000000036,0.0
88.72000000000037,0.0
88.73000000000037,0.0
88.74000000000038,0.0
88.75000000000038,0.0
88.76000000000039,0.0
88.7700000000004,0.0
88.7800000000004,0.0
88.7900000000004,0.0
88.80000000000041,0.0
88.81000000000041,0.0
88.82000000000042,0.0
88.83000000000042,0.0
88.84000000000043,0.0
88.85000000000043,0.0
88.86000000000044,0.0
88.87000000000045,0.0
88.88000000000045,0.0
88.89000000000046,0.0
88.90000000000046,0.0
88.91000000000047,0.0
88.92000000000047,0.0
88.93000000000048,0.0
88.94000000000048,0.0
88.95000000000049,0.0
88.96000000000049,0.0
88.9700000000005,0.0
88.9800000000005,0.0
88.9900000000005,0.0
89.00000000000051,0.0
89.01000000000052,0.0
89.02000000000052,0.0
89.03000000000053,0.0
89.04000000000053,0.0
89.05000000000054,0.0
89.06000000000054,0.0
89.07000000000055,0.0
89.08000000000055,0.0
89.09000000000056,0.0
89.10000000000056,0.0
89.11000000000057,0.0
89.12000000000057,0.0
89.13000000000058,0.0
89.14000000000058,0.0
89.15000000000059,0.0
89.1600000000006,0.0
89.1700000000006,0.0
89.1800000000006,0.0
89.19000000000061,0.0
89.20000000000061,0.0
89.21000000000062,0.0
89.22000000000062,0.0
89.23000000000063,0.0
89.24000000000063,0.0
89.25000000000064,0.0
89.26000000000064,0.0
89.27000000000065,0.0
89.28000000000065,0.0
89.29000000000066,0.0
89.30000000000067,0.0
89.31000000000067,0.0
89.32000000000068,0.0
89.33000000000068,0.0
89.34000000000069,0.0
89.35000000000069,0.0
89.3600000000007,0.0
89.3700000000007,0.0
89.3800000000007,0.0
89.39000000000071,0.0
89.40000000000072,0.0
89.41000000000072,0.0
89.42000000000073,0.0
89.43000000000073,0.0
89.44000000000074,0.0
89.45000000000074,0.0
89.46000000000075,0.0
89.47000000000075,0.0
89.48000000000076,0.0
89.49000000000076,0.0
89.50000000000077,0.0
89.51000000000077,0.0
89.52000000000078,0.0
89.53000000000078,0.0
89.54000000000079,0.0
89.5500000000008,0.0
89.5600000000008,0.0
89.5700000000008,0.0
89.58000000000081,0.0
89.59000000000081,0.0
89.60000000000082,0.0
89.61000000000082,0.0
89.62000000000083,0.0
89.63000000000083,0.0
89.64000000000084,0.0
89.65000000000084,0.0
89.66000000000085,0.0
89.67000000000085,0.0
89.68000000000086,0.0
89.69000000000086,0.0
89.70000000000087,0.0
89.71000000000087,0.0
89.72000000000088,0.0
89.73000000000089,0.0
89.74000000000089,0.0
89.7500000000009,0.0
89.7600000000009,0.0
89.7700000000009,0.0
89.78000000000091,0.0
89.79000000000092,0.0
89.80000000000092,0.0
89.81000000000093,0.0
89.82000000000093,0.0
89.83000000000094,0.0
89.84000000000094,0.0
89.85000000000095,0.0
89.86000000000095,0.0
89.87000000000096,0.0
89.88000000000096,0.0
89.89000000000097,0.0
89.90000000000097,0.0
89.91000000000098,0.0
89.92000000000098,0.0
89.93000000000099,0.0
89.94000000000099,0.0
89.950000000001,0.0
89.960000000001,0.0
89.97000000000101,0.0
89.98000000000101,0.0
89.99000000000102,0.0
90.00000000000102,0.0
90.01000000000103,0.0
90.02000000000103,0.0
90.03000000000104,0.0
90.04000000000104,0.0
90.05000000000105,0.0
90.06000000000105,0.0
90.07000000000106,0.0
90.08000000000106,0.0
90.09000000000107,0.0
90.10000000000107,0.0
90.11000000000108,0.0
90.12000000000108,0.0
90.13000000000109,0.0
90.1400000000011,0.0
90.1500000000011,0.0
90.1600000000011,0.0
90.17000000000111,0.0
90.18000000000112,0.0
90.19000000000112,0.0
90.20000000000113,0.0
90.21000000000113,0.0
90.22000000000114,0.0
90.23000000000114,0.0
90.24000000000115,0.0
90.25000000000115,0.0
90.26000000000116,0.0
90.27000000000116,0.0
90.28000000000117,0.0
90.29000000000117,0.0
90.30000000000118,0.0
90.31000000000118,0.0
90.32000000000119,0.0
90.33000000000119,0.0
90.3400000000012,0.0
90.3500000000012,0.0
90.36000000000121,0.0
90.37000000000121,0.0
90.38000000000122,0.0
90.39000000000122,0.0
90.40000000000123,0.0
90.41000000000123,0.0
90.42000000000124,0.0
90.43000000000124,0.0
90.44000000000125,0.0
90.45000000000125,0.0
90.46000000000126,0.0
90.47000000000126,0.0
90.48000000000127,0.0
90.49000000000127,0.0
90.50000000000128,0.0
90.51000000000128,0.0
90.52000000000129,0.0
90.5300000000013,0.0
90.5400000000013,0.0
90.5500000000013,0.0
90.56000000000131,0.0
90.57000000000131,0.0
90.58000000000132,0.0
90.59000000000133,0.0
90.60000000000133,0.0
90.61000000000134,0.0
90.62000000000134,0.0
90.63000000000135,0.0
90.64000000000135,0.0
90.65000000000136,0.0
90.66000000000136,0.0
90.67000000000137,0.0
90.68000000000137,0.0
90.69000000000138,0.0
90.70000000000138,0.0
90.71000000000139,0.0
90.72000000000139,0.0
90.7300000000014,0.0
90.7400000000014,0.0
90.7500000000014,0.0
90.76000000000141,0.0
90.77000000000142,0.0
90.78000000000142,0.0
90.79000000000143,0.0
90.80000000000143,0.0
90.81000000000144,0.0
90.82000000000144,0.0
90.83000000000145,0.0
90.84000000000145,0.0
90.85000000000146,0.0
90.86000000000146,0.0
90.87000000000147,0.0
90.88000000000147,0.0
90.89000000000148,0.0
90.90000000000148,0.0
90.91000000000149,0.0
90.9200000000015,0.0
90.9300000000015,0.0
90.9400000000015,0.0
90.95000000000151,0.0
90.96000000000151,0.0
90.97000000000152,0.0
90.98000000000152,0.0
90.99000000000153,0.0
91.00000000000153,0.0
91.01000000000154,0.0
91.02000000000155,0.0
91.03000000000155,0.0
91.04000000000156,0.0
91.05000000000156,0.0
91.06000000000157,0.0
91.07000000000157,0.0
91.08000000000158,0.0
91.09000000000158,0.0
91.10000000000159,0.0
91.11000000000159,0.0
91.1200000000016,0.0
91.1300000000016,0.0
91.1400000000016,0.0
91.15000000000161,0.0
91.16000000000162,0.0
91.17000000000162,0.0
91.18000000000163,0.0
91.19000000000163,0.0
91.20000000000164,0.0
91.21000000000164,0.0
91.22000000000165,0.0
91.23000000000165,0.0
91.24000000000166,0.0
91.25000000000166,0.0
91.26000000000167,0.0
91.27000000000167,0.0
91.28000000000168,0.0
91.29000000000168,0.0
91.30000000000169,0.0
91.3100000000017,0.0
91.3200000000017,0.0
91.3300000000017,0.0
91.34000000000171,0.0
91.35000000000171,0.0
91.36000000000172,0.0
91.37000000000172,0.0
91.38000000000173,0.0
91.39000000000173,0.0
91.40000000000174,0.0
91.41000000000174,0.0
91.42000000000175,0.0
91.43000000000175,0.0
91.44000000000176,0.0
91.45000000000176,0.0
91.46000000000177,0.0
91.47000000000178,0.0
91.48000000000178,0.0
91.49000000000179,0.0
91.50000000000179,0.0
91.5100000000018,0.0
91.5200000000018,0.0
91.5300000000018,0.0
91.54000000000181,0.0
91.55000000000182,0.0
91.56000000000182,0.0
91.57000000000183,0.0
91.58000000000183,0.0
91.59000000000184,0.0
91.60000000000184,0.0
91.61000000000185,0.0
91.62000000000185,0.0
91.63000000000186,0.0
91.64000000000186,0.0
91.65000000000187,0.0
91.66000000000187,0.0
91.67000000000188,0.0
91.68000000000188,0.0
91.69000000000189,0.0
91.70000000000189,0.0
91.7100000000019,0.0
91.7200000000019,0.0
91.73000000000191,0.0
91.74000000000191,0.0
91.75000000000192,0.0
91.76000000000192,0.0
91.77000000000193,0.0
91.78000000000193,0.0
91.79000000000194,0.0
91.80000000000194,0.0
91.81000000000195,0.0
91.82000000000195,0.0
91.83000000000196,0.0
91.84000000000196,0.0
91.85000000000197,0.0
91.86000000000197,0.0
91.87000000000198,0.0
91.88000000000198,0.0
91.89000000000199,0.0
91.900000000002,0.0
91.910000000002,0.0
91.920000000002,0.0
91.93000000000201,0.0
91.94000000000202,0.0
91.95000000000202,0.0
91.96000000000203,0.0
91.97000000000203,0.0
91.98000000000204,0.0
91.99000000000204,0.0
92.00000000000205,0.0
92.01000000000205,0.0
92.02000000000206,0.0
92.03000000000206,0.0
92.04000000000207,0.0
92.05000000000207,0.0
92.06000000000208,0.0
92.07000000000208,0.0
92.08000000000209,0.0
92.09000000000209,0.0
92.1000000000021,0.0
92.1100000000021,0.0
92.12000000000211,0.0
92.13000000000211,0.0
92.14000000000212,0.0
92.15000000000212,0.0
92.16000000000213,0.0
92.17000000000213,0.0
92.18000000000214,0.0
92.19000000000214,0.0
92.20000000000215,0.0
92.21000000000215,0.0
92.22000000000216,0.0
92.23000000000216,0.0
92.24000000000217,0.0
92.25000000000217,0.0
92.26000000000218,0.0
92.27000000000218,0.0
92.28000000000219,0.0
92.2900000000022,0.0
92.3000000000022,0.0
92.3100000000022,0.0
92.32000000000221,0.0
92.33000000000222,0.0
92.34000000000222,0.0
92.35000000000223,0.0
92.36000000000223,0.0
92.37000000000224,0.0
92.38000000000224,0.0
92.39000000000225,0.0
92.40000000000225,0.0
92.41000000000226,0.0
92.42000000000226,0.0
92.43000000000227,0.0
92.44000000000227,0.0
92.45000000000228,0.0
92.46000000000228,0.0
92.47000000000229,0.0
92.48000000000229,0.0
92.4900000000023,0.0
92.5000000000023,0.0
92.51000000000231,0.0
92.52000000000231,0.0
92.53000000000232,0.0
92.54000000000232,0.0
92.55000000000233,0.0
92.56000000000233,0.0
92.57000000000234,0.0
92.58000000000234,0.0
92.59000000000235,0.0
92.60000000000235,0.0
92.61000000000236,0.0
92.62000000000236,0.0
92.63000000000237,0.0
92.64000000000237,0.0
92.65000000000238,0.0
92.66000000000238,0.0
92.67000000000239,0.0
92.6800000000024,0.0
92.6900000000024,0.0
92.7000000000024,0.0
92.71000000000241,0.0
92.72000000000241,0.0
92.73000000000242,0.0
92.74000000000242,0.0
92.75000000000243,0.0
92.76000000000244,0.0
92.77000000000244,0.0
92.78000000000245,0.0
92.79000000000245,0.0
92.80000000000246,0.0
92.81000000000246,0.0
92.82000000000247,0.0
92.83000000000247,0.0
92.84000000000248,0.0
92.85000000000248,0.0
92.86000000000249,0.0
92.87000000000249,0.0
92.8800000000025,0.0
92.8900000000025,0.0
92.9000000000025,0.0
92.91000000000251,0.0
92.92000000000252,0.0
92.93000000000252,0.0
92.94000000000253,0.0
92.95000000000253,0.0
92.96000000000254,0.0
92.97000000000254,0.0
92.98000000000255,0.0
92.99000000000255,0.0
93.00000000000256,0.0
93.01000000000256,0.0
93.02000000000257,0.0
93.03000000000257,0.0
93.04000000000258,0.0
93.05000000000258,0.0
93.06000000000259,0.0
93.0700000000026,0.0
93.0800000000026,0.0
93.0900000000026,0.0
93.10000000000261,0.0
93.11000000000261,0.0
93.12000000000262,0.0
93.13000000000262,0.0
93.14000000000263,0.0
93.15000000000263,0.0
93.16000000000264,0.0
93.17000000000264,0.0
93.18000000000265,0.0
93.19000000000266,0.0
93.20000000000266,0.0
93.21000000000267,0.0
93.22000000000267,0.0
93.23000000000268,0.0
93.24000000000268,0.0
93.25000000000269,0.0
93.26000000000269,0.0
93.2700000000027,0.0
93.2800000000027,0.0
93.2900000000027,0.0
93.30000000000271,0.0
93.31000000000272,0.0
93.32000000000272,0.0
93.33000000000273,0.0
93.34000000000273,0.0
93.35000000000274,0.0
93.36000000000274,0.0
93.37000000000275,0.0
93.38000000000275,0.0
93.39000000000276,0.0
93.40000000000276,0.0
93.41000000000277,0.0
93.42000000000277,0.0
93.43000000000278,0.0
93.44000000000278,0.0
93.45000000000279,0.0
93.4600000000028,0.0
93.4700000000028,0.0
93.4800000000028,0.0
93.49000000000281,0.0
93.50000000000281,0.0
93.51000000000282,0.0
93.52000000000282,0.0
93.53000000000283,0.0
93.54000000000283,0.0
93.55000000000284,0.0
93.56000000000284,0.0
93.57000000000285,0.0
93.58000000000285,0.0
93.59000000000286,0.0
93.60000000000286,0.0
93.61000000000287,0.0
93.62000000000288,0.0
93.63000000000288,0.0
93.64000000000289,0.0
93.65000000000289,0.0
93.6600000000029,0.0
93.6700000000029,0.0
93.6800000000029,0.0
93.69000000000291,0.0
93.70000000000292,0.0
93.71000000000292,0.0
93.72000000000293,0.0
93.73000000000293,0.0
93.74000000000294,0.0
93.75000000000294,0.0
93.76000000000295,0.0
93.77000000000295,0.0
93.78000000000296,0.0
93.79000000000296,0.0
93.80000000000297,0.0
93.81000000000297,0.0
93.82000000000298,0.0
93.83000000000298,0.0
93.84000000000299,0.0
93.85000000000299,0.0
93.860000000003,0.0
93.870000000003,0.0
93.88000000000301,0.0
93.89000000000301,0.0
93.90000000000302,0.0
93.91000000000302,0.0
93.92000000000303,0.0
93.93000000000303,0.0
93.94000000000304,0.0
93.95000000000304,0.0
93.96000000000305,0.0
93.97000000000305,0.0
93.98000000000306,0.0
93.99000000000306,0.0
94.00000000000307,0.0
94.01000000000307,0.0
94.02000000000308,0.0
94.03000000000308,0.0
94.04000000000309,0.0
94.0500000000031,0.0
94.0600000000031,0.0
94.0700000000031,0.0
94.08000000000311,0.0
94.09000000000312,0.0
94.10000000000312,0.0
94.11000000000313,0.0
94.12000000000313,0.0
94.13000000000314,0.0
94.14000000000314,0.0
94.15000000000315,0.0
94.16000000000315,0.0
94.17000000000316,0.0
94.18000000000316,0.0
94.19000000000317,0.0
94.20000000000317,0.0
94.21000000000318,0.0
94.22000000000318,0.0
94.23000000000319,0.0
94.24000000000319,0.0
94.2500000000032,0.0
94.2600000000032,0.0
94.27000000000321,0.0
94.28000000000321,0.0
94.29000000000322,0.0
94.30000000000322,0.0
94.31000000000323,0.0
94.32000000000323,0.0
94.33000000000324,0.0
94.34000000000324,0.0
94.35000000000325,0.0
94.36000000000325,0.0
94.37000000000326,0.0
94.38000000000326,0.0
94.39000000000327,0.0
94.40000000000327,0.0
94.41000000000328,0.0
94.42000000000328,0.0
94.43000000000329,0.0
94.4400000000033,0.0
94.4500000000033,0.0
94.4600000000033,0.0
94.47000000000331,0.0
94.48000000000332,0.0
94.49000000000332,6e-323
94.50000000000333,5.78e-321
94.51000000000333,5.6174e-319
94.52000000000334,5.3809347e-317
94.53000000000334,5.081352456e-315
94.54000000000335,4.7304189442e-313
94.55000000000335,4.341287690726e-311
94.56000000000336,3.92768097180093e-309
94.57000000000336,3.503099870435693e-307
94.58000000000337,3.080119096019281e-305
94.59000000000337,2.669815044222275e-303
94.60000000000338,2.2813584045217817e-301
94.61000000000338,1.9217838442402187e-299
94.62000000000339,1.595931451475688e-297
94.63000000000339,1.3065396842228986e-295
94.6400000000034,1.0544588916632973e-293
94.6500000000034,8.389486462689517e-292
94.66000000000341,6.580210368066128e-290
94.67000000000341,5.0879502362756816e-288
94.68000000000342,3.8783286461345075e-286
94.69000000000342,2.914372346466887e-284
94.70000000000343,2.1589577477476344e-282
94.71000000000343,1.5766740685078702e-280
94.72000000000344,1.1351111325024024e-278
94.73000000000344,8.056260809424219e-277
94.74000000000345,5.636731239764254e-275
94.75000000000345,3.887942335651473e-273
94.76000000000346,2.6436927390300336e-271
94.77000000000346,1.7721513818220482e-269
94.78000000000347,1.1710874677498648e-267
94.79000000000347,7.629156528347625e-266
94.80000000000348,4.899619943514518e-264
94.81000000000348,3.1020367475608763e-262
94.82000000000349,1.9361105839668573e-260
94.8300000000035,1.1912750777640442e-258
94.8400000000035,7.225911355216543e-257
94.8500000000035,4.320876755671596e-255
94.86000000000351,2.547122340377667e-253
94.87000000000351,1.4802204745814906e-251
94.88000000000352,8.480113900893998e-250
94.89000000000352,4.789339681031646e-248
94.90000000000353,2.666541033697398e-246
94.91000000000354,1.4635904881755815e-244
94.92000000000354,7.919350447884423e-243
94.93000000000355,4.224333736268981e-241
94.94000000000355,2.2213938111646307e-239
94.95000000000356,1.1515732547725777e-237
94.96000000000356,5.885132679492232e-236
94.97000000000357,2.9649653557927995e-234
94.98000000000357,1.4725893805671987e-232
94.99000000000358,7.210118153199388e-231
95.00000000000358,3.480180547761235e-229
95.01000000000359,1.6559981417123988e-227
95.02000000000359,7.76813190218453e-226
95.0300000000036,3.5922951641090482e-224
95.0400000000036,1.637668940163443e-222
95.0500000000036,7.360018182977433e-221
95.06000000000361,3.260846372509396e-219
95.07000000000362,1.424231103302038e-217
95.08000000000362,6.132382980996992e-216
95.09000000000363,2.6030154731179596e-214
95.10000000000363,1.0892383057429547e-212
95.11000000000364,4.493324032351246e-211
95.12000000000364,1.8273058614811086e-209
95.13000000000365,7.325772580254779e-208
95.14000000000365,2.895304822611459e-206
95.15000000000366,1.1280642378461426e-204
95.16000000000366,4.3328339460841195e-203
95.17000000000367,1.6406235277127214e-201
95.18000000000367,6.124131419258484e-200
95.19000000000368,2.2536099135763632e-198
95.20000000000368,8.175449935629832e-197
95.21000000000369,2.923770356595663e-195
95.2200000000037,1.0307979117322367e-193
95.2300000000037,3.582634285892237e-192
95.2400000000037,1.2275243103212394e-190
95.25000000000371,4.146258759905813e-189
95.26000000000371,1.380642946873456e-187
95.27000000000372,4.532157891461467e-186
95.28000000000372,1.4666529513037147e-184
95.29000000000373,4.678949585811437e-183
95.30000000000373,1.4715263642531274e-181
95.31000000000374,4.56232695435547e-180
95.32000000000374,1.3944515823701202e-178
95.33000000000375,4.201643007902299e-177
95.34000000000376,1.2480544598100828e-175
95.35000000000376,3.654656798392813e-174
95.36000000000377,1.0550142816295582e-172
95.37000000000377,3.0024014016339207e-171
95.38000000000378,8.423214220740954e-170
95.39000000000378,2.329622831140157e-168
95.40000000000379,6.3517304298698835e-167
95.41000000000379,1.707250225319253e-165
95.4200000000038,4.523774784631148e-164
95.4300000000038,1.1816896959076e-162
95.4400000000038,3.0430185369289324e-161
95.45000000000381,7.725105577083463e-160
95.46000000000382,1.933316357254847e-158
95.47000000000382,4.769799278390788e-157
95.48000000000383,1.1601014188400193e-155
95.49000000000383,2.7815731697791502e-154
95.50000000000384,6.57481739595244e-153
95.51000000000384,1.5320593116750662e-151
95.52000000000385,3.519379809953626e-150
95.53000000000385,7.969945910313167e-149
95.54000000000386,1.7792758575430258e-147
95.55000000000386,3.9158845050454025e-146
95.56000000000387,8.496012423453655e-145
95.57000000000387,1.817184733615699e-143
95.58000000000388,3.8316135169605245e-142
95.59000000000388,7.964582037961799e-141
95.60000000000389,1.6320857000481447e-139
95.6100000000039,3.2970201812010124e-138
95.6200000000039,6.565970506838579e-137
95.6300000000039,1.2890653241156209e-135
95.64000000000391,2.494879650468915e-134
95.65000000000391,4.760175356269493e-133
95.66000000000392,8.953544137276735e-132
95.67000000000392,1.660220156698149e-130
95.68000000000393,3.034834846429237e-129
95.69000000000393,5.468939487786396e-128
95.70000000000394,9.715605013906462e-127
95.71000000000394,1.7015129502541763e-125
95.72000000000395,2.9376452124554714e-124
95.73000000000395,4.999909053434738e-123
95.74000000000396,8.389257833048331e-122
95.75000000000396,1.3876618723150923e-120
95.76000000000397,2.2627805943157264e-119
95.77000000000398,3.63747411684319e-118
95.78000000000398,5.764425810729648e-117
95.79000000000399,9.005563083335709e-116
95.80000000000399,1.3869613781428597e-114
95.810000000004,2.1057971759023106e-113
95.820000000004,3.1518633944977827e-112
95.830000000004,4.650684841859598e-111
95.84000000000401,6.764958085495512e-110
95.85000000000402,9.70089907610225e-109
95.86000000000402,1.3713791393554888e-107
95.87000000000403,1.9111807734345494e-106
95.88000000000403,2.625697392087672e-105
95.89000000000404,3.556200626639294e-104
95.90000000000404,4.74817275547827e-103
95.91000000000405,6.2497902996181686e-102
95.92000000000405,8.109667639191341e-101
95.93000000000406,1.0373835145256242e-99
95.94000000000406,1.3082004820809023e-98
95.95000000000407,1.6263272682429566e-97
95.96000000000407,1.9931512621682256e-96
95.97000000000408,2.4080818836489585e-95
95.98000000000408,2.868143776489797e-94
95.99000000000409,3.3676679377525426e-93
96.00000000000409,3.898129676950427e-92
96.0100000000041,4.4481761684664665e-91
96.0200000000041,5.003873843172016e-90
96.03000000000411,5.549187519789496e-89
96.04000000000411,6.066680537097592e-88
96.05000000000412,6.538400630807929e-87
96.06000000000412,6.946892936102974e-86
96.07000000000413,7.276262524170263e-85
96.08000000000413,7.513197238744665e-84
96.09000000000414,7.647859430261176e-83
96.10000000000414,7.674563429223779e-82
96.11000000000415,7.592173758578291e-81
96.12000000000415,7.404185222633626e-80
96.13000000000416,7.11847700128721e-79
96.14000000000416,6.746764859454541e-78
96.15000000000417,6.303804537764687e-77
96.16000000000417,5.806421768496272e-76
96.17000000000418,5.272457599135862e-75
96.18000000000418,4.719720589900045e-74
96.19000000000419,4.165030233543109e-73
96.2000000000042,3.6234202228228e-72
96.2100000000042,3.107548573402237e-71
96.2200000000042,2.6273372538395235e-70
96.23000000000421,2.189840069899067e-69
96.24000000000422,1.799316858029892e-68
96.25000000000422,1.4574765498155175e-67
96.26000000000423,1.163842411054603e-66
96.27000000000423,9.161898128794542e-66
96.28000000000424,7.110095176470975e-65
96.29000000000424,5.439563441436203e-64
96.30000000000425,4.1025261176139264e-63
96.31000000000425,3.0502633677166836e-62
96.32000000000426,2.235743618878298e-61
96.33000000000426,1.6154939538241003e-60
96.34000000000427,1.1507668700422095e-59
96.35000000000427,8.081054577505316e-59
96.36000000000428,5.594321300957202e-58
96.37000000000428,3.8179079023908157e-57
96.38000000000429,2.5686336419460974e-56
96.39000000000429,1.7036389510116295e-55
96.4000000000043,1.1139139219919486e-54
96.4100000000043,7.179998923188926e-54
96.42000000000431,4.562425675072715e-53
96.43000000000431,2.858024203311047e-52
96.44000000000432,1.764959232198517e-51
96.45000000000432,1.0744893879166224e-50
96.46000000000433,6.448641875509641e-50
96.47000000000433,3.8153384029574866e-49
96.48000000000434,2.2253408743757758e-48
96.49000000000434,1.2795542461029914e-47
96.50000000000435,7.2530310376328465e-47
96.51000000000435,4.053022790224303e-46
96.52000000000436,2.2327352651058554e-45
96.53000000000436,1.212534472046022e-44
96.54000000000437,6.491568332651468e-44
96.55000000000437,3.4261300809316274e-43
96.56000000000438,1.782611644543268e-42
96.57000000000438,9.14341236185913e-42
96.58000000000439,4.623368932258712e-41
96.5900000000044,2.3046632165413025e-40
96.6000000000044,1.1325439556663709e-39
96.6100000000044,5.486575238489705e-39
96.62000000000441,2.6202714684791595e-38
96.63000000000442,1.2336441766301657e-37
96.64000000000442,5.725747792823103e-37
96.65000000000443,2.6198304883498983e-36
96.66000000000443,1.1817152654899566e-35
96.67000000000444,5.25473931722216e-35
96.68000000000444,2.3034998183998777e-34
96.69000000000445,9.954601176111892e-34
96.70000000000445,4.240901874813497e-33
96.71000000000446,1.7811121209741868e-32
96.72000000000446,7.374336831274854e-32
96.73000000000447,3.009908950048671e-31
96.74000000000447,1.211106743629688e-30
96.75000000000448,4.804079244896852e-30
96.76000000000448,1.8786097809658387e-29
96.77000000000449,7.242052552075786e-29
96.78000000000449,2.7522345410461243e-28
96.7900000000045,1.0311168557431614e-27
96.8000000000045,3.808281192595878e-27
96.81000000000451,1.3865923691980253e-26
96.82000000000451,4.9769958654319285e-26
96.83000000000452,1.7611016758980432e-25
96.84000000000452,6.143279248469618e-25
96.85000000000453,2.1125877635700396e-24
96.86000000000453,7.161894828455055e-24
96.87000000000454,2.393535067216708e-23
96.88000000000454,7.885882946390408e-23
96.89000000000455,2.5612946028740877e-22
96.90000000000455,8.201011457247722e-22
96.91000000000456,2.5886538374785787e-21
96.92000000000456,8.055253568287867e-21
96.93000000000457,2.4710590803026348e-20
96.94000000000457,7.472840595859221e-20
96.95000000000458,2.2278553211707366e-19
96.96000000000458,6.547672153071755e-19
96.97000000000459,1.897079556444911e-18
96.9800000000046,5.418546920271662e-18
96.9900000000046,1.5257339463059328e-17
97.0000000000046,4.235195436151067e-17
97.01000000000461,1.1589555489086016e-16
97.02000000000461,3.1265024880649266e-16
97.03000000000462,8.314754950286706e-16
97.04000000000462,2.179911218287453e-15
97.05000000000463,5.6341296250490845e-15
97.06000000000464,1.4355341855290877e-14
97.07000000000464,3.6057774630434194e-14
97.08000000000465,8.92859198111759e-14
97.09000000000465,2.1795443488147746e-13
97.10000000000466,5.245019654570537e-13
97.11000000000466,1.2443060302004113e-12
97.12000000000467,2.910086967177645e-12
97.13000000000467,6.709395705247072e-12
97.14000000000468,1.5249637529976828e-11
97.15000000000468,3.416916074999082e-11
97.16000000000469,7.547580941263308e-11
97.17000000000469,1.643538654037576e-10
97.1800000000047,3.528180069652923e-10
97.1900000000047,7.466554481000113e-10
97.2000000000047,1.5577164657627306e-09
97.21000000000471,3.203725213353587e-09
97.22000000000472,6.495622596685103e-09
97.23000000000472,1.29832967931138e-08
97.24000000000473,2.5582787435481406e-08
97.25000000000473,4.969462479591059e-08
97.26000000000474,9.51633333174233e-08
97.27000000000474,1.7965055033285645e-07
97.28000000000475,3.3433830342768583e-07
97.29000000000475,6.13398052799809e-07
97.30000000000476,1.1094234156858507e-06
97.31000000000476,1.978112280468937e-06
97.32000000000477,3.4769882784315573e-06
97.33000000000477,6.024960310425617e-06
97.34000000000478,1.0292096044319039e-05
97.35000000000478,1.733213833233467e-05
97.36000000000479,2.8773927110583417e-05
97.3700000000048,4.709174763049603e-05
97.3800000000048,7.597822668309535e-05
97.3900000000048,0.00012084597063735054
97.40000000000481,0.0001894845793354279
97.41000000000481,0.00029289654297540786
97.42000000000482,0.0004463271399447569
97.43000000000482,0.0006704880197660296
97.44000000000483,0.0009929501025004858
97.45000000000483,0.0014496478104126184
97.46000000000484,0.002086393682864357
97.47000000000484,0.0029602520502137915
97.48000000000485,0.004140566826411001
97.49000000000485,0.0057093883207587045
97.50000000000486,0.007761006417760214
97.51000000000487,0.010400283530122454
97.52000000000487,0.013739502008212855
97.53000000000488,0.017893507552964157
97.54000000000488,0.022973049390624337
97.55000000000489,0.02907639016700352
97.56000000000489,0.03627947600152396
97.5700000000049,0.04462520250179689
97.5800000000049,0.054112558743001964
97.5900000000049,0.06468664352303026
97.60000000000491,0.07623068808343918
97.61000000000492,0.08856125026438817
97.62000000000492,0.10142763860278602
97.63000000000493,0.11451636820487142
97.64000000000493,0.1274610507244318
97.65000000000494,0.13985760875512893
97.66000000000494,0.15128413243203181
97.67000000000495,0.1613241315460578
97.68000000000495,0.16959145606130224
97.69000000000496,0.17575483378149317
97.70000000000496,0.17955986236821814
97.71000000000497,0.18084642405325746
97.72000000000497,0.17955986236566762
97.73000000000498,0.17575483377650022
97.74000000000498,0.16959145605407547
97.75000000000499,0.16132413153689185
97.760000000005,0.1512841324212874
97.770000000005,0.1398576087432095
97.780000000005,0.1274610507117584
97.79000000000501,0.11451636819185848
97.80000000000501,0.10142763858981967
97.81000000000502,0.08856125025180872
97.82000000000502,0.07623068807152839
97.83000000000503,0.06468664351200437
97.84000000000503,0.05411255873300979
97.85000000000504,0.04462520249292274
97.86000000000504,0.036279475993794115
97.87000000000505,0.02907639016039539
97.88000000000505,0.022973049385076983
97.89000000000506,0.017893507548389205
97.90000000000506,0.013739502004504824
97.91000000000507,0.010400283527167887
97.92000000000507,0.007761006415445192
97.93000000000508,0.005709388318974557
97.94000000000509,0.0041405668250582865
97.95000000000509,0.0029602520492046365
97.9600000000051,0.002086393682123466
97.9700000000051,0.001449647809877249
97.9800000000051,0.000992950102119675
97.99000000000511,0.0006704880194993637
98.00000000000512,0.0004463271397609045
98.01000000000512,0.00029289654285059684
98.02000000000513,0.0001894845792519919
98.03000000000513,0.00012084597058242168
98.04000000000514,7.597822664748127e-05
98.05000000000514,4.709174760775338e-05
98.06000000000515,2.877392709627849e-05
98.07000000000515,1.7332138323471803e-05
98.08000000000516,1.029209603890996e-05
98.09000000000516,6.024960307173583e-06
98.10000000000517,3.476988276505425e-06
98.11000000000517,1.9781122793450337e-06
98.12000000000518,1.1094234150397521e-06
98.13000000000518,6.133980524338698e-07
98.14000000000519,3.3433830322347784e-07
98.15000000000519,1.79650550220577e-07
98.1600000000052,9.516333325659568e-08
98.1700000000052,4.969462476344034e-08
98.18000000000521,2.5582787418402353e-08
98.19000000000521,1.2983296784261726e-08
98.20000000000522,6.495622592164094e-09
98.21000000000522,3.203725211078262e-09
98.22000000000523,1.55771646463429e-09
98.23000000000523,7.466554475485141e-10
98.24000000000524,3.5281800669968254e-10
98.25000000000524,1.643538652776931e-10
98.26000000000525,7.547580935366876e-11
98.27000000000525,3.416916072281136e-11
98.28000000000526,1.524963751763008e-11
98.29000000000526,6.7093956997195636e-12
98.30000000000527,2.9100869647388476e-12
98.31000000000527,1.2443060291399472e-12
98.32000000000528,5.245019650025953e-13
98.33000000000528,2.1795443468953273e-13
98.34000000000529,8.928591973127677e-14
98.3500000000053,3.6057774597655085e-14
98.3600000000053,1.4355341842036937e-14
98.3700000000053,5.634129619767205e-15
98.38000000000531,2.179911216212876e-15
98.39000000000532,8.314754942255563e-16
98.40000000000532,3.1265024850006596e-16
98.41000000000533,1.1589555477562546e-16
98.42000000000533,4.235195431879865e-17
98.43000000000534,1.5257339447455563e-17
98.44000000000534,5.418546914653121e-18
98.45000000000535,1.8970795544508664e-18
98.46000000000535,6.54767214609641e-19
98.47000000000536,2.227855318765705e-19
98.48000000000536,7.472840587685994e-20
98.49000000000537,2.4710590775648616e-20
98.50000000000537,8.055253559248754e-21
98.51000000000538,2.588653834536981e-21
98.52000000000538,8.201011447812077e-22
98.53000000000539,2.5612945998908377e-22
98.54000000000539,7.885882937093316e-23
98.5500000000054,2.3935350643608602e-23
98.5600000000054,7.161894819808061e-24
98.57000000000541,2.112587760989376e-24
98.58000000000541,6.143279240877946e-25
98.59000000000542,1.7611016736967144e-25
98.60000000000542,4.976995859140128e-26
98.61000000000543,1.3865923674254332e-26
98.62000000000543,3.8082811876733285e-27
98.63000000000544,1.0311168543957108e-27
98.64000000000544,2.7522345374104265e-28
98.65000000000545,7.242052542406182e-29
98.66000000000545,1.8786097784308584e-29
98.67000000000546,4.8040792383459975e-30
98.68000000000546,1.2111067419610087e-30
98.69000000000547,3.0099089458588476e-31
98.70000000000547,7.374336820904907e-32
98.71000000000548,1.7811121184442636e-32
98.72000000000548,4.240901868729379e-33
98.73000000000549,9.954601161689416e-34
98.7400000000055,2.303499815029775e-34
98.7500000000055,5.254739309459613e-35
98.7600000000055,1.1817152637274783e-35
98.77000000000551,2.6198304844053396e-36
98.78000000000551,5.725747784120737e-37
98.79000000000552,1.2336441747376793e-37
98.80000000000553,2.6202714644223025e-38
98.81000000000553,5.486575229917101e-39
98.82000000000554,1.1325439538807113e-39
98.83000000000554,2.3046632128748673e-40
98.84000000000555,4.623368924837801e-41
98.85000000000555,9.143412347053347e-42
98.86000000000556,1.782611641631406e-42
98.87000000000556,3.4261300752864214e-43
98.88000000000557,6.491568321863113e-44
98.89000000000557,1.212534470013694e-44
98.90000000000558,2.2327352613318406e-45
98.91000000000558,4.053022783315898e-46
98.92000000000559,7.253031025167038e-47
98.93000000000559,1.2795542438856154e-47
98.9400000000056,2.2253408704878263e-48
98.9500000000056,3.8153383962373936e-49
98.9600000000056,6.448641864059868e-50
98.97000000000561,1.0744893859935772e-50
98.98000000000562,1.7649592290146362e-51
98.99000000000562,2.8580241981147276e-52
99.00000000000563,4.562425666712765e-53
99.01000000000563,7.179998909930639e-54
99.02000000000564,1.1139139199192275e-54
99.03000000000564,1.7036389478173644e-55
99.04000000000565,2.568633637093531e-56
99.05000000000565,3.8179078951239117e-57
99.06000000000566,5.5943212902296204e-58
99.07000000000566,8.081054561894374e-59
99.08000000000567,1.1507668678028429e-59
99.09000000000567,1.615493950657428e-60
99.10000000000568,2.2357436144641107e-61
99.11000000000568,3.0502633616509855e-62
99.12000000000569,4.1025261093974174e-63
99.1300000000057,5.439563430464585e-64
99.1400000000057,7.110095162028848e-65
99.1500000000057,9.161898110054564e-66
99.16000000000571,1.1638424086575443e-66
99.17000000000571,1.4574765467929758e-67
99.18000000000572,1.7993168542729166e-68
99.19000000000572,2.1898400652954973e-69
99.20000000000573,2.6273372482789677e-70
99.21000000000573,3.1075485667811904e-71
99.22000000000574,3.623420215051128e-72
99.23000000000575,4.165030224550697e-73
99.24000000000575,4.7197205796428365e-74
99.25000000000576,5.272457587602634e-75
99.26000000000576,5.806421755712511e-76
99.27000000000577,6.303804523796274e-77
99.28000000000577,6.746764844408901e-78
99.29000000000578,7.118476985311472e-79
99.30000000000578,7.404185205911463e-80
99.31000000000579,7.592173741323669e-81
99.32000000000579,7.67456341167285e-82
99.3300000000058,7.647859412662851e-83
99.3400000000058,7.513197221349226e-84
99.3500000000058,7.276262507220209e-85
99.36000000000581,6.946892919821466e-86
99.37000000000582,6.538400615390891e-87
99.38000000000582,6.066680522706793e-88
99.39000000000583,5.549187506547386e-89
99.40000000000583,5.003873831160087e-90
99.41000000000584,4.448176157725418e-91
99.42000000000584,3.8981296674820736e-92
99.43000000000585,3.3676679295248915e-93
99.44000000000585,2.8681437694418713e-94
99.45000000000586,2.4080818776972594e-95
99.46000000000586,1.9931512572137812e-96
99.47000000000587,1.6263272641772277e-97
99.48000000000587,1.3082004787918822e-98
99.49000000000588,1.0373835119027383e-99
99.50000000000588,8.10966761857188e-101
99.51000000000589,6.2497902836389545e-102
99.5200000000059,4.748172743270855e-103
99.5300000000059,3.556200617445869e-104
99.5400000000059,2.6256973852624534e-105
99.55000000000591,1.9111807684394806e-106
99.56000000000591,1.3713791357517982e-107
99.57000000000592,9.700899050472504e-109
99.58000000000592,6.764958067526377e-110
99.59000000000593,4.650684829440322e-111
99.60000000000593,3.1518633860362873e-112
99.61000000000594,2.1057971702192798e-113
99.62000000000594,1.3869613743800018e-114
99.63000000000595,9.005563058775434e-116
99.64000000000595,5.764425794927123e-117
99.65000000000596,3.6374741068195656e-118
99.66000000000597,2.2627805880481273e-119
99.67000000000597,1.3876618684518138e-120
99.68000000000598,8.389257809572773e-122
99.69000000000598,4.9999090393727846e-123
99.70000000000599,2.937645204151769e-124
99.71000000000599,1.7015129454204102e-125
99.720000000006,9.715604986167686e-127
99.730000000006,5.46893947209476e-128
99.740000000006,3.0348348376783024e-129
99.75000000000601,1.660220151887412e-130
99.76000000000602,8.953544111204752e-132
99.77000000000602,4.760175342340878e-133
99.78000000000603,2.4948796431332633e-134
99.79000000000603,1.2890653203070858e-135
99.80000000000604,6.565970487346526e-137
99.81000000000604,3.29702017136628e-138
99.82000000000605,1.6320856951566708e-139
99.83000000000605,7.964582013978211e-141
99.84000000000606,3.8316135053680124e-142
99.85000000000606,1.8171847280919992e-143
99.86000000000607,8.496012397507575e-145
99.87000000000607,3.915884493030985e-146
99.88000000000608,1.7792758520587028e-147
99.89000000000608,7.969945885633868e-149
99.90000000000609,3.519379799005894e-150
99.9100000000061,1.5320593068875187e-151
99.9200000000061,6.57481737531292e-153
99.9300000000061,2.7815731610077688e-154
99.94000000000611,1.1601014151653487e-155
99.95000000000611,4.769799263214463e-157
99.96000000000612,1.933316351076037e-158
99.97000000000612,7.72510555228452e-160
99.98000000000613,3.0430185271170656e-161
99.99000000000613,1.1816896920805835e-162
