88.0,104.4374151315027
88.01,104.45797011188631
88.02000000000001,104.47870954384874
88.03000000000002,104.49963563519495
88.04000000000002,104.52075062677488
88.05000000000003,104.54205679307708
88.06000000000003,104.56355644283484
88.07000000000004,104.5852519196451
88.08000000000004,104.60714560260044
88.09000000000005,104.62923990693427
88.10000000000005,104.65153728467995
88.11000000000006,104.67404022534369
88.12000000000006,104.69675125659204
88.13000000000007,104.71967294495387
88.14000000000007,104.74280789653768
88.15000000000008,104.76615875776405
88.16000000000008,104.78972821611418
88.17000000000009,104.8135190008945
88.18000000000009,104.83753388401793
88.1900000000001,104.86177568080214
88.2000000000001,104.88624725078536
88.21000000000011,104.91095149855994
88.22000000000011,104.93589137462433
88.23000000000012,104.96106987625386
88.24000000000012,104.98649004839072
88.25000000000013,105.01215498455382
88.26000000000013,105.03806782776877
88.27000000000014,105.06423177151875
88.28000000000014,105.0906500607166
88.29000000000015,105.11732599269884
88.30000000000015,105.14426291824199
88.31000000000016,105.17146424260207
88.32000000000016,105.19893342657741
88.33000000000017,105.22667398759596
88.34000000000017,105.25468950082715
88.35000000000018,105.28298360031944
88.36000000000018,105.31155998016384
88.37000000000019,105.34042239568439
88.3800000000002,105.36957466465607
88.3900000000002,105.39902066855105
88.4000000000002,105.42876435381386
88.41000000000021,105.45880973316646
88.42000000000021,105.48916088694372
88.43000000000022,105.51982196446052
88.44000000000023,105.55079718541083
88.45000000000023,105.58209084130006
88.46000000000024,105.61370729691143
88.47000000000024,105.64565099180712
88.48000000000025,105.67792644186542
88.49000000000025,105.71053824085466
88.50000000000026,105.74349106204507
88.51000000000026,105.7767896598594
88.52000000000027,105.81043887156375
88.53000000000027,105.84444361899922
88.54000000000028,105.87880891035593
88.55000000000028,105.91353984199043
88.56000000000029,105.94864160028767
88.57000000000029,105.98411946356885
88.5800000000003,106.0199788040464
88.5900000000003,106.05622508982748
88.6000000000003,106.09286388696731
88.61000000000031,106.1299008615737
88.62000000000032,106.1673417819645
88.63000000000032,106.20519252087902
88.64000000000033,106.24345905774551
88.65000000000033,106.28214748100586
88.66000000000034,106.32126399049946
88.67000000000034,106.36081489990777
88.68000000000035,106.40080663926152
88.69000000000035,106.44124575751225
88.70000000000036,106.48213892517006
88.71000000000036,106.52349293700962
88.72000000000037,106.56531471484645
88.73000000000037,106.6076113103854
88.74000000000038,106.65038990814365
88.75000000000038,106.69365782845048
88.76000000000039,106.73742253052578
88.7700000000004,106.78169161564017
88.7800000000004,106.82647283035871
88.7900000000004,106.87177406987112
88.80000000000041,106.91760338141088
88.81000000000041,106.96396896776598
88.82000000000042,107.01087919088422
88.83000000000042,107.05834257557588
88.84000000000043,107.10636781331675
88.85000000000043,107.1549637661547
88.86000000000044,107.20413947072286
88.87000000000045,107.25390414236304
88.88000000000045,107.30426717936238
88.89000000000046,107.35523816730725
88.90000000000046,107.40682688355776
88.91000000000047,107.45904330184686
88.92000000000047,107.51189759700802
88.93000000000048,107.5654001498354
88.94000000000048,107.61956155208097
88.95000000000049,107.67439261159282
88.96000000000049,107.72990435759932
88.9700000000005,107.78610804614378
88.9800000000005,107.84301516567457
88.9900000000005,107.90063744279563
89.00000000000051,107.95898684818286
89.01000000000052,108.01807560267162
89.02000000000052,108.07791618352107
89.03000000000053,108.13852133086128
89.04000000000053,108.19990405432904
89.05000000000054,108.26207763989883
89.06000000000054,108.32505565691538
89.07000000000055,108.3888519653347
89.08000000000055,108.45348072318039
89.09000000000056,108.51895639422307
89.10000000000056,108.58529375588975
89.11000000000057,108.65250790741179
89.12000000000057,108.72061427821902
89.13000000000058,108.78962863658899
89.14000000000058,108.85956709855978
89.15000000000059,108.93044613711585
89.1600000000006,109.00228259165625
89.1700000000006,109.07509367775519
89.1800000000006,109.14889699722521
89.19000000000061,109.22371054849367
89.20000000000061,109.29955273730369
89.21000000000062,109.37644238775104
89.22000000000062,109.4543987536691
89.23000000000063,109.53344153037416
89.24000000000063,109.61359086678455
89.25000000000064,109.69486737792644
89.26000000000064,109.77729215784107
89.27000000000065,109.86088679290764
89.28000000000065,109.94567337559715
89.29000000000066,110.03167451867343
89.30000000000067,110.11891336985731
89.31000000000067,110.20741362697169
89.32000000000068,110.2971995535852
89.33000000000068,110.38829599517308
89.34000000000069,110.48072839581499
89.35000000000069,110.5745228154498
89.3600000000007,110.66970594770862
89.3700000000007,110.7663051383483
89.3800000000007,110.86434840430796
89.39000000000071,110.96386445341305
89.40000000000072,111.06488270475154
89.41000000000072,111.16743330974855
89.42000000000073,111.2715471739667
89.43000000000073,111.37725597966032
89.44000000000074,111.48459220911359
89.45000000000074,111.59358916879319
89.46000000000075,111.70428101434804
89.47000000000075,111.8167027764899
89.48000000000076,111.9308903877899
89.49000000000076,112.04688071042816
89.50000000000077,112.16471156493476
89.51000000000077,112.28442175996256
89.52000000000078,112.40605112313365
89.53000000000078,112.5296405330038
89.54000000000079,112.65523195219052
89.5500000000008,112.78286846171332
89.5600000000008,112.91259429659614
89.5700000000008,113.04445488278483
89.58000000000081,113.1784968754348
89.59000000000081,113.3147681986266
89.60000000000082,113.45331808656977
89.61000000000082,113.59419712635847
89.62000000000083,113.7374573023449
89.63000000000083,113.88315204220031
89.64000000000084,114.03133626473605
89.65000000000084,114.18206642956132
89.66000000000085,114.33540058865717
89.67000000000085,114.49139843995107
89.68000000000086,114.65012138297963
89.69000000000086,114.8116325767319
89.70000000000087,114.97599699977
89.71000000000087,115.14328151272872
89.72000000000088,115.31355492330053
89.73000000000089,115.4868880538182
89.74000000000089,115.66335381155233
89.7500000000009,115.84302726184738
89.7600000000009,116.02598570422592
89.7700000000009,116.21230875159722
89.78000000000091,116.40207841271368
89.79000000000092,116.59537917802538
89.80000000000092,116.79229810909139
89.81000000000093,116.99292493171409
89.82000000000093,117.1973521329718
89.83000000000094,117.40567506233414
89.84000000000094,117.6179920370537
89.85000000000095,117.83440445203877
89.86000000000095,118.05501689442156
89.87000000000096,118.27993726304874
89.88000000000096,118.50927689313247
89.89000000000097,118.7431506863134
89.90000000000097,118.98167724640037
89.91000000000098,119.22497902106582
89.92000000000098,119.47318244979138
89.93000000000099,119.72641811837377
89.94000000000099,119.98482092031846
89.950000000001,120.24853022546641
89.960000000001,120.51769005621819
89.97000000000101,120.7924492717402
89.98000000000101,121.07296176055921
89.99000000000102,121.35938664197363
90.00000000000102,121.65188847673468
90.01000000000103,121.95063748747592
90.02000000000103,122.25580978939624
90.03000000000104,122.56758763173119
90.04000000000104,122.88615965057677
90.05000000000105,123.21172113366335
90.06000000000105,123.54447429771065
90.07000000000106,123.88462857903204
90.08000000000106,124.23240093809474
90.09000000000107,124.58801617878322
90.10000000000107,124.95170728315756
90.11000000000108,125.32371576254396
90.12000000000108,125.70429202584428
90.13000000000109,126.09369576600378
90.1400000000011,126.49219636563097
90.1500000000011,126.90007332282346
90.1600000000011,127.31761669831515
90.17000000000111,127.74512758512736
90.18000000000112,128.1829186019766
90.19000000000112,128.6313144117665
90.20000000000113,129.0906522665714
90.21000000000113,129.56128258060286
90.22000000000114,130.0435695327407
90.23000000000114,130.5378917003045
90.24000000000115,131.04464272584315
90.25000000000115,131.5642320188262
90.26000000000116,132.09708549423522
90.27000000000116,132.6436463501727
90.28000000000117,133.20437588673397
90.29000000000117,133.7797543685228
90.30000000000118,134.37028193333313
90.31000000000118,134.97647954967175
90.32000000000119,135.5988900259551
90.33000000000119,136.2380790743828
90.3400000000012,136.89463643266765
90.3500000000012,137.56917704698958
90.36000000000121,138.26234231973774
90.37000000000121,138.97480142581236
90.38000000000122,139.70725270147454
90.39000000000122,140.46042510996108
90.40000000000123,141.23507978831688
90.41000000000123,142.03201168014735
90.42000000000124,142.85205125924873
90.43000000000124,143.69606634934223
90.44000000000125,144.56496404541144
90.45000000000125,145.459692742426
90.46000000000126,146.3812442775219
90.47000000000126,147.33065619200164
90.48000000000127,148.30901411981185
90.49000000000127,149.31745430944943
90.50000000000128,150.35716628653506
90.51000000000128,151.42939566457432
90.52000000000129,152.53544711168962
90.5300000000013,153.6766874813517
90.5400000000013,154.85454911535274
90.5500000000013,156.0705333274391
90.56000000000131,157.32621407614633
90.57000000000131,158.62324183543802
90.58000000000132,159.96334767172937
90.59000000000133,161.34834753575134
90.60000000000133,162.78014677746293
90.61000000000134,164.26074489181528
90.62000000000134,165.79224050258176
90.63000000000135,167.37683659065112
90.64000000000135,169.0168459720889
90.65000000000136,170.7146970298559
90.66000000000136,172.47293970125793
90.67000000000137,174.29425172092246
90.68000000000137,176.18144511625826
90.69000000000138,178.13747294885445
90.70000000000138,180.16543629099266
90.71000000000139,182.26859142123664
90.72000000000139,184.45035721676913
90.7300000000014,186.71432271256535
90.7400000000014,189.06425478841473
90.7500000000014,191.50410593396364
90.76000000000141,194.03802202906246
90.77000000000142,196.670350061419
90.78000000000142,199.40564568550076
90.79000000000143,202.24868050535017
90.80000000000143,205.20444893898002
90.81000000000144,208.27817449273618
90.82000000000144,211.47531523982056
90.83000000000145,214.80156825736293
90.84000000000145,218.2628727302352
90.85000000000146,221.8654113763943
90.86000000000146,225.6156097870076
90.87000000000147,229.5201332040354
90.88000000000147,233.5858801773491
90.89000000000148,237.81997245191587
90.90000000000148,242.2297403322135
90.91000000000149,246.8227026551209
90.9200000000015,251.60654037359177
90.9300000000015,256.5890626113627
90.9400000000015,261.77816389424095
90.95000000000151,267.1817710974394
90.96000000000151,272.8077784733193
90.97000000000152,278.6639689436065
90.98000000000152,284.75791966039003
90.99000000000153,291.0968896691876
91.00000000000153,297.6876873563848
91.01000000000154,304.53651524750205
91.02000000000155,311.64878966176616
91.03000000000155,319.0289327474493
91.04000000000156,326.68013455270545
91.05000000000156,334.6040830661776
91.06000000000157,342.8006606355236
91.07000000000157,351.2676058918752
91.08000000000158,360.0001413312763
91.09000000000158,368.99056809047227
91.10000000000159,378.2278312629785
91.11000000000159,387.69706138347755
91.1200000000016,397.3791004989051
91.1300000000016,407.2500245490054
91.1400000000016,417.2806775597685
91.15000000000161,427.4362373107988
91.16000000000162,437.6758364930651
91.17000000000162,447.9522676498522
91.18000000000163,458.2118040040671
91.19000000000163,468.39417111929566
91.20000000000164,478.4327056200398
91.21000000000164,488.25473624338554
91.22000000000165,497.7822186424843
91.23000000000165,506.93264803363513
91.24000000000166,515.6202626026349
91.25000000000166,523.7575355314514
91.26000000000167,531.2569350090698
91.27000000000167,538.032910646187
91.28000000000168,544.0040429032202
91.29000000000168,549.0952715588592
91.30000000000169,553.2401023111045
91.3100000000017,556.3826797585009
91.3200000000017,558.4796123474162
91.3300000000017,559.5014417366117
91.34000000000171,559.433665694137
91.35000000000171,558.2772491228145
91.36000000000172,556.0485899072105
91.37000000000172,552.778941820986
91.38000000000173,548.513332046022
91.39000000000173,543.3090422860932
91.40000000000174,537.2337469407202
91.41000000000174,530.3634172792292
91.42000000000175,522.7801061984433
91.43000000000175,514.5697243777283
91.44000000000176,505.8199069198711
91.45000000000176,496.61805204238203
91.46000000000177,487.04959252176747
91.47000000000178,477.19653878590935
91.48000000000178,467.1363118350683
91.49000000000179,456.9408660601052
91.50000000000179,446.6760874403697
91.5100000000018,436.4014419151905
91.5200000000018,426.1698418516075
91.5300000000018,416.0276950733119
91.54000000000181,406.01510027661305
91.55000000000182,396.1661541670629
91.56000000000182,386.50933864538996
91.57000000000183,377.06796026452196
91.58000000000183,367.86061848438385
91.59000000000184,358.9016835949103
91.60000000000184,350.2017692964812
91.61000000000185,341.76818865245826
91.62000000000185,333.6053853700972
91.63000000000186,325.71533509228595
91.64000000000186,318.0979136035529
91.65000000000187,310.75123060690225
91.66000000000187,303.67192906597097
91.67000000000188,296.8554510891491
91.68000000000188,290.29627201861916
91.69000000000189,283.98810483432703
91.70000000000189,277.92407724161
91.7100000000019,272.09688392572116
91.7200000000019,266.49891646398805
91.73000000000191,261.122373317294
91.74000000000191,255.95935220139833
91.75000000000192,251.0019269843962
91.76000000000192,246.24221108397452
91.77000000000193,241.6724091579043
91.78000000000193,237.28485870128804
91.79000000000194,233.07206298992583
91.80000000000194,229.02671664439129
91.81000000000195,225.1417249362242
91.82000000000195,221.41021781720866
91.83000000000196,217.82555952539536
91.84000000000196,214.38135450720216
91.85000000000197,211.07145029306872
91.86000000000197,207.88993787400221
91.87000000000198,204.8311500470533
91.88000000000198,201.88965812835323
91.89000000000199,199.06026737187403
91.900000000002,196.33801137960666
91.910000000002,193.71814574349557
91.920000000002,191.19614112040153
91.93000000000201,188.76767590781532
91.94000000000202,186.4286286593318
91.95000000000202,184.17507035438632
91.96000000000203,182.00325661590298
91.97000000000203,179.90961995181306
91.98000000000204,177.8907620814372
91.99000000000204,175.94344639510712
92.00000000000205,174.0645905847993
92.01000000000205,172.25125947467134
92.02000000000206,170.50065807298625
92.03000000000206,168.81012486075633
92.04000000000207,167.17712532735482
92.05000000000207,165.5992457591642
92.06000000000208,164.0741872839187
92.07000000000208,162.59976017063443
92.08000000000209,161.17387838280317
92.09000000000209,159.7945543807662
92.1000000000021,158.45989416780952
92.1100000000021,157.16809257346915
92.12000000000211,155.91742876674712
92.13000000000211,154.70626199137482
92.14000000000212,153.53302751487837
92.15000000000212,152.39623278296688
92.16000000000213,151.29445377065667
92.17000000000213,150.22633152153205
92.18000000000214,149.19056886661235
92.19000000000214,148.18592731442743
92.20000000000215,147.21122410408287
92.21000000000215,146.26532941331644
92.22000000000216,145.34716371379295
92.23000000000216,144.45569526615301
92.24000000000217,143.589937747611
92.25000000000217,142.74894800518797
92.26000000000218,141.93182392795822
92.27000000000218,141.13770243198329
92.28000000000219,140.36575755189807
92.2900000000022,139.61519863340283
92.3000000000022,138.88526862119483
92.3100000000022,138.1752424371484
92.32000000000221,137.4844254438168
92.33000000000222,136.81215198858635
92.34000000000222,136.15778402405854
92.35000000000223,135.52070980047316
92.36000000000223,134.90034262621106
92.37000000000224,134.2961196926317
92.38000000000224,133.7075009597059
92.39000000000225,133.13396809910023
92.40000000000225,132.57502349155575
92.41000000000226,132.0301892755806
92.42000000000226,131.49900644464216
92.43000000000227,130.981033990205
92.44000000000227,130.4758480881084
92.45000000000228,129.98304132592168
92.46000000000228,129.50222196904696
92.47000000000229,129.0330132634675
92.48000000000229,128.57505277315795
92.4900000000023,128.12799175028627
92.5000000000023,127.69149453644268
92.51000000000231,127.26523799323152
92.52000000000231,126.84891096065644
92.53000000000232,126.44221374181762
92.54000000000232,126.0448576125244
92.55000000000233,125.65656435450495
92.56000000000233,125.27706581096916
92.57000000000234,124.90610346335116
92.58000000000234,124.54342802812317
92.59000000000235,124.18879907263549
92.60000000000235,123.84198464899481
92.61000000000236,123.50276094504856
92.62000000000236,123.17091195159529
92.63000000000237,122.84622914498863
92.64000000000237,122.52851118434992
92.65000000000238,122.21756362264652
92.66000000000238,121.91319863093436
92.67000000000239,121.61523473510155
92.6800000000024,121.3234965644858
92.6900000000024,121.03781461177272
92.7000000000024,120.75802500361435
92.71000000000241,120.48396928143688
92.72000000000241,120.21549419193609
92.73000000000242,119.95245148678461
92.74000000000242,119.69469773110202
92.75000000000243,119.4420941202612
92.76000000000244,119.19450630462796
92.77000000000244,118.95180422185192
92.78000000000245,118.71386193634629
92.79000000000245,118.48055748561413
92.80000000000246,118.25177273309515
92.81000000000246,118.02739322722563
92.82000000000247,117.80730806641824
92.83000000000247,117.59140976968533
92.84000000000248,117.3795941526418
92.85000000000248,117.17176020863863
92.86000000000249,116.96780999478962
92.87000000000249,116.76764852266656
92.8800000000025,116.5711836534494
92.8900000000025,116.37832599732806
92.9000000000025,116.18898881696383
92.91000000000251,116.00308793482645
92.92000000000252,115.82054164423346
92.93000000000252,115.64127062392592
92.94000000000253,115.46519785602331
92.95000000000253,115.292248547208
92.96000000000254,115.12235005299684
92.97000000000254,114.95543180496448
92.98000000000255,114.79142524078947
92.99000000000255,114.63026373700053
93.00000000000256,114.47188254430603
93.01000000000256,114.31621872539549
93.02000000000257,114.16321109510709
93.03000000000257,114.01280016286042
93.04000000000258,113.8649280772577
93.05000000000258,113.71953857276263
93.06000000000259,113.57657691836849
93.0700000000026,113.43598986817288
93.0800000000026,113.29772561377925
93.0900000000026,113.1617337384493
93.10000000000261,113.02796517293409
93.11000000000261,112.89637215291472
93.12000000000262,112.7669081779866
93.13000000000262,112.63952797212434
93.14000000000263,112.51418744556744
93.15000000000263,112.39084365806892
93.16000000000264,112.26945478345242
93.17000000000264,112.14998007542525
93.18000000000265,112.03237983459726
93.19000000000266,111.91661537665779
93.20000000000266,111.80264900166468
93.21000000000267,111.69044396440201
93.22000000000267,111.57996444576426
93.23000000000268,111.47117552512721
93.24000000000268,111.36404315366693
93.25000000000269,111.25853412859053
93.26000000000269,111.15461606824344
93.2700000000027,111.05225738805954
93.2800000000027,110.95142727732211
93.2900000000027,110.85209567670466
93.30000000000271,110.75423325656234
93.31000000000272,110.65781139594549
93.32000000000272,110.56280216230816
93.33000000000273,110.46917829188597
93.34000000000273,110.37691317071801
93.35000000000274,110.28598081628938
93.36000000000274,110.1963558597709
93.37000000000275,110.10801352883477
93.38000000000275,110.02092963102443
93.39000000000276,109.93508053765893
93.40000000000276,109.85044316825227
93.41000000000277,109.76699497542891
93.42000000000277,109.68471393031804
93.43000000000278,109.60357850840902
93.44000000000278,109.52356767585181
93.45000000000279,109.44466087618656
93.4600000000028,109.36683801748704
93.4700000000028,109.2900794599035
93.4800000000028,109.21436600359077
93.49000000000281,109.13967887700838
93.50000000000281,109.06599972557947
93.51000000000282,108.99331060069625
93.52000000000282,108.92159394905998
93.53000000000283,108.85083260234397
93.54000000000283,108.78100976716858
93.55000000000284,108.71210901537748
93.56000000000284,108.64411427460496
93.57000000000285,108.57700981912467
93.58000000000285,108.51078026096981
93.59000000000286,108.4454105413162
93.60000000000286,108.38088592211909
93.61000000000287,108.31719197799534
93.62000000000288,108.25431458834285
93.63000000000288,108.19223992968948
93.64000000000289,108.1309544682637
93.65000000000289,108.07044495277982
93.6600000000029,108.01069840743094
93.6700000000029,107.95170212508242
93.6800000000029,107.89344366065995
93.69000000000291,107.83591082472542
93.70000000000292,107.77909167723479
93.71000000000292,107.72297452147225
93.72000000000293,107.66754789815465
93.73000000000293,107.61280057970119
93.74000000000294,107.55872156466287
93.75000000000294,107.50530007230682
93.76000000000295,107.45252553735045
93.77000000000295,107.40038760484097
93.78000000000296,107.34887612517545
93.79000000000296,107.29798114925737
93.80000000000297,107.24769292378508
93.81000000000297,107.19800188666848
93.82000000000298,107.14889866256955
93.83000000000298,107.10037405856333
93.84000000000299,107.05241905991545
93.85000000000299,107.00502482597258
93.860000000003,106.95818268616274
93.870000000003,106.91188413610168
93.88000000000301,106.86612083380247
93.89000000000301,106.82088459598515
93.90000000000302,106.7761673944833
93.91000000000302,106.73196135274478
93.92000000000303,106.68825874242384
93.93000000000303,106.64505198006181
93.94000000000304,106.60233362385385
93.95000000000304,106.56009637049917
93.96000000000305,106.51833305213229
93.97000000000305,106.47703663333309
93.98000000000306,106.43620020821307
93.99000000000306,106.39581699757598
94.00000000000307,106.35588034615039
94.01000000000307,106.31638371989227
94.02000000000308,106.27732070335554
94.03000000000308,106.23868499712857
94.04000000000309,106.20047041533499
94.0500000000031,106.16267088319665
94.0600000000031,106.12528043465723
94.0700000000031,106.0882932100647
94.08000000000311,106.05170345391096
94.09000000000312,106.0155055126271
94.10000000000312,105.97969383243272
94.11000000000313,105.94426295723774
94.12000000000313,105.90920752659537
94.13000000000314,105.87452227370473
94.14000000000314,105.84020202346174
94.15000000000315,105.80624169055712
94.16000000000315,105.7726362776199
94.17000000000316,105.73938087340555
94.18000000000316,105.7064706510273
94.19000000000317,105.67390086622954
94.20000000000317,105.64166685570211
94.21000000000318,105.60976403543452
94.22000000000318,105.57818789910883
94.23000000000319,105.5469340165304
94.24000000000319,105.51599803209527
94.2500000000032,105.48537566329324
94.2600000000032,105.45506269924597
94.27000000000321,105.4250549992787
94.28000000000321,105.39534849152516
94.29000000000322,105.3659391715645
94.30000000000322,105.33682310108968
94.31000000000323,105.30799640660598
94.32000000000323,105.27945527815965
94.33000000000324,105.25119596809512
94.34000000000324,105.22321478984053
94.35000000000325,105.19550811672069
94.36000000000325,105.1680723807968
94.37000000000326,105.1409040717321
94.38000000000326,105.11399973568308
94.39000000000327,105.08735597421536
94.40000000000327,105.06096944324362
94.41000000000328,105.03483685199521
94.42000000000328,105.00895496199647
94.43000000000329,104.98332058608155
94.4400000000033,104.95793058742295
94.4500000000033,104.93278187858331
94.4600000000033,104.9078714205879
94.47000000000331,104.88319622201728
94.48000000000332,104.85875333811974
94.49000000000332,104.83453986994292
94.50000000000333,104.81055296348403
94.51000000000333,104.78678980885863
94.52000000000334,104.76324763948692
94.53000000000334,104.73992373129775
94.54000000000335,104.71681540194932
94.55000000000335,104.6939200100666
94.56000000000336,104.67123495449495
94.57000000000336,104.64875767356938
94.58000000000337,104.62648564439925
94.59000000000337,104.60441638216815
94.60000000000338,104.58254743944819
94.61000000000338,104.56087640552879
94.62000000000339,104.53940090575942
94.63000000000339,104.51811860090595
94.6400000000034,104.49702718652038
94.6500000000034,104.4761243923235
94.66000000000341,104.45540798160032
94.67000000000341,104.43487575060796
94.68000000000342,104.41452552799552
94.69000000000342,104.39435517423594
94.70000000000343,104.37436258106929
94.71000000000343,104.35454567095749
94.72000000000344,104.33490239654995
94.73000000000344,104.31543074016005
94.74000000000345,104.29612871325219
94.75000000000345,104.27699435593901
94.76000000000346,104.25802573648883
94.77000000000346,104.2392209508428
94.78000000000347,104.22057812214172
94.79000000000347,104.2020954002622
94.80000000000348,104.18377096136204
94.81000000000348,104.16560300743463
94.82000000000349,104.14758976587196
94.8300000000035,104.12972948903635
94.8400000000035,104.11202045384056
94.8500000000035,104.094460961336
94.86000000000351,104.07704933630903
94.87000000000351,104.05978392688507
94.88000000000352,104.0426631041404
94.89000000000352,104.02568526172142
94.90000000000353,104.00884881547128
94.91000000000354,103.99215220306361
94.92000000000354,103.97559388364338
94.93000000000355,103.95917233747451
94.94000000000355,103.94288606559425
94.95000000000356,103.92673358947411
94.96000000000356,103.9107134506872
94.97000000000357,103.89482421058194
94.98000000000357,103.87906444996179
94.99000000000358,103.86343276877106
95.00000000000358,103.8479277857867
95.01000000000359,103.83254813831564
95.02000000000359,103.81729248189806
95.0300000000036,103.8021594900159
95.0400000000036,103.78714785380696
95.0500000000036,103.7722562817842
95.06000000000361,103.75748349956032
95.07000000000362,103.7428282495773
95.08000000000362,103.72828929084093
95.09000000000363,103.7138653986603
95.10000000000363,103.6995553643919
95.11000000000364,103.68535799518848
95.12000000000364,103.67127211375251
95.13000000000365,103.65729655809393
95.14000000000365,103.64343018129253
95.15000000000366,103.6296718512644
95.16000000000366,103.61602045053274
95.17000000000367,103.60247487600266
95.18000000000367,103.58903403874002
95.19000000000368,103.57569686375444
95.20000000000368,103.56246228978578
95.21000000000369,103.5493292690948
95.2200000000037,103.53629676725726
95.2300000000037,103.52336376296182
95.2400000000037,103.51052924781145
95.25000000000371,103.49779222612824
95.26000000000371,103.48515171476186
95.27000000000372,103.47260674290114
95.28000000000372,103.46015635188905
95.29000000000373,103.44779959504098
95.30000000000373,103.43553553746594
95.31000000000374,103.4233632558911
95.32000000000374,103.41128183848932
95.33000000000375,103.39929038470946
95.34000000000376,103.3873880051099
95.35000000000376,103.37557382119469
95.36000000000377,103.36384696525263
95.37000000000377,103.35220658019905
95.38000000000378,103.34065181942027
95.39000000000378,103.3291818466208
95.40000000000379,103.31779583567295
95.41000000000379,103.30649297046922
95.4200000000038,103.29527244477701
95.4300000000038,103.28413346209577
95.4400000000038,103.27307523551669
95.45000000000381,103.26209698758463
95.46000000000382,103.25119795016235
95.47000000000382,103.24037736429712
95.48000000000383,103.22963448008937
95.49000000000383,103.21896855656371
95.50000000000384,103.20837886154196
95.51000000000384,103.19786467151832
95.52000000000385,103.1874252715366
95.53000000000385,103.17705995506945
95.54000000000386,103.16676802389965
95.55000000000386,103.15654878800318
95.56000000000387,103.14640156543439
95.57000000000387,103.13632568221291
95.58000000000388,103.12632047221244
95.59000000000388,103.11638527705139
95.60000000000389,103.10651944598519
95.6100000000039,103.09672233580044
95.6200000000039,103.08699331071068
95.6300000000039,103.07733174225395
95.64000000000391,103.06773700919182
95.65000000000391,103.05820849741023
95.66000000000392,103.0487455998218
95.67000000000392,103.03934771626965
95.68000000000393,103.03001425343288
95.69000000000393,103.0207446247335
95.70000000000394,103.01153825024477
95.71000000000394,103.00239455660106
95.72000000000395,102.99331297690912
95.73000000000395,102.98429295066069
95.74000000000396,102.97533392364655
95.75000000000396,102.96643534787188
95.76000000000397,102.95759668147298
95.77000000000398,102.94881738863522
95.78000000000398,102.94009693951229
95.79000000000399,102.93143481014674
95.80000000000399,102.92283048239176
95.810000000004,102.91428344383405
95.820000000004,102.90579318771806
95.830000000004,102.89735921287118
95.84000000000401,102.88898102363032
95.85000000000402,102.88065812976943
95.86000000000402,102.87239004642814
95.87000000000403,102.86417629404164
95.88000000000403,102.85601639827146
95.89000000000404,102.84790988993734
95.90000000000404,102.83985630495022
95.91000000000405,102.83185518424612
95.92000000000405,102.82390607372115
95.93000000000406,102.81600852416732
95.94000000000406,102.80816209120951
95.95000000000407,102.80036633524323
95.96000000000407,102.79262082137343
95.97000000000408,102.78492511935414
95.98000000000408,102.77727880352903
95.99000000000409,102.76968145277283
96.00000000000409,102.76213265043374
96.0100000000041,102.75463198427653
96.0200000000041,102.74717904642654
96.03000000000411,102.73977343331458
96.04000000000411,102.73241474562252
96.05000000000412,102.72510258822979
96.06000000000412,102.71783657016053
96.07000000000413,102.71061630453168
96.08000000000413,102.70344140850169
96.09000000000414,102.69631150322003
96.10000000000414,102.68922621377743
96.11000000000415,102.68218516915687
96.12000000000415,102.67518800218521
96.13000000000416,102.66823434948559
96.14000000000416,102.66132385143045
96.15000000000417,102.65445615209529
96.16000000000417,102.64763089921308
96.17000000000418,102.64084774412923
96.18000000000418,102.63410634175737
96.19000000000419,102.62740635053562
96.2000000000042,102.62074743238355
96.2100000000042,102.61412925265971
96.2200000000042,102.60755148011984
96.23000000000421,102.60101378687554
96.24000000000422,102.59451584835371
96.25000000000422,102.58805734325632
96.26000000000423,102.581637953521
96.27000000000423,102.57525736428198
96.28000000000424,102.56891526383173
96.29000000000424,102.562611343583
96.30000000000425,102.55634529803146
96.31000000000425,102.55011682471894
96.32000000000426,102.543925624197
96.33000000000426,102.53777139999114
96.34000000000427,102.53165385856548
96.35000000000427,102.52557270928787
96.36000000000428,102.51952766439561
96.37000000000428,102.51351843896147
96.38000000000429,102.5075447508603
96.39000000000429,102.50160632073613
96.4000000000043,102.49570287196951
96.4100000000043,102.48983413064558
96.42000000000431,102.48399982552233
96.43000000000431,102.47819968799949
96.44000000000432,102.47243345208766
96.45000000000432,102.466700854378
96.46000000000433,102.4610016340123
96.47000000000433,102.45533553265338
96.48000000000434,102.4497022944559
96.49000000000434,102.44410166603777
96.50000000000435,102.43853339645158
96.51000000000435,102.43299723715674
96.52000000000436,102.42749294199182
96.53000000000436,102.42202026714727
96.54000000000437,102.41657897113862
96.55000000000437,102.41116881477984
96.56000000000438,102.40578956115726
96.57000000000438,102.4004409756037
96.58000000000439,102.39512282567298
96.5900000000044,102.38983488111477
96.6000000000044,102.38457691384976
96.6100000000044,102.3793486979452
96.62000000000441,102.37415000959072
96.63000000000442,102.36898062707445
96.64000000000442,102.36384033075946
96.65000000000443,102.3587289030606
96.66000000000443,102.35364612842147
96.67000000000444,102.3485917932919
96.68000000000444,102.34356568610546
96.69000000000445,102.33856759725755
96.70000000000445,102.33359731908355
96.71000000000446,102.32865464583736
96.72000000000446,102.3237393736702
96.73000000000447,102.31885130060961
96.74000000000447,102.3139902265389
96.75000000000448,102.30915595317666
96.76000000000448,102.3043482840566
96.77000000000449,102.29956702450774
96.78000000000449,102.29481198163475
96.7900000000045,102.29008296429853
96.8000000000045,102.28537978309714
96.81000000000451,102.28070225034685
96.82000000000451,102.2760501800635
96.83000000000452,102.27142338794413
96.84000000000452,102.26682169134871
96.85000000000453,102.26224490928226
96.86000000000453,102.25769286237708
96.87000000000454,102.25316537287524
96.88000000000454,102.24866226461131
96.89000000000455,102.24418336299526
96.90000000000455,102.23972849499562
96.91000000000456,102.23529748912281
96.92000000000456,102.23089017541277
96.93000000000457,102.22650638541056
96.94000000000457,102.22214595215449
96.95000000000458,102.21780871016021
96.96000000000458,102.21349449540503
96.97000000000459,102.20920314531251
96.9800000000046,102.20493449873725
96.9900000000046,102.20068839594964
97.0000000000046,102.19646467862123
97.01000000000461,102.19226318980974
97.02000000000461,102.18808377394478
97.03000000000462,102.18392627681335
97.04000000000462,102.17979054554569
97.05000000000463,102.1756764286013
97.06000000000464,102.17158377575512
97.07000000000464,102.16751243808385
97.08000000000465,102.16346226795238
97.09000000000465,102.15943311900064
97.10000000000466,102.15542484613026
97.11000000000466,102.1514373054918
97.12000000000467,102.14747035447189
97.13000000000467,102.14352385168102
97.14000000000468,102.13959765694167
97.15000000000468,102.13569163127751
97.16000000000469,102.13180563690453
97.17000000000469,102.12793953722569
97.1800000000047,102.12409319683262
97.1900000000047,102.12026648152076
97.2000000000047,102.11645925832991
97.21000000000471,102.11267139563256
97.22000000000472,102.10890276330974
97.23000000000472,102.10515323308556
97.24000000000473,102.10142267914321
97.25000000000473,102.0977109792323
97.26000000000474,102.09401801661748
97.27000000000474,102.09034368344084
97.28000000000475,102.08668788641444
97.29000000000475,102.08305055627899
97.30000000000476,102.07943166322613
97.31000000000476,102.07583124157023
97.32000000000477,102.07224942845978
97.33000000000477,102.06868652342689
97.34000000000478,102.06514307815081
97.35000000000478,102.06162002896464
97.36000000000479,102.05811888826747
97.3700000000048,102.0546420148631
97.3800000000048,102.05119298684676
97.3900000000048,102.0477771032338
97.40000000000481,102.04440204096436
97.41000000000481,102.04107869079108
97.42000000000482,102.03782218716795
97.43000000000482,102.03465313182424
97.44000000000483,102.03159898665517
97.45000000000483,102.02869557794477
97.46000000000484,102.02598861097216
97.47000000000484,102.02353504367694
97.48000000000485,102.02140411444331
97.49000000000485,102.01967776890353
97.50000000000486,102.01845019310947
97.51000000000487,102.01782614647752
97.52000000000487,102.01791780918991
97.53000000000488,102.0188399255997
97.54000000000488,102.02070314439764
97.55000000000489,102.02360562849857
97.56000000000489,102.02762322508784
97.5700000000049,102.03279873162819
97.5800000000049,102.03913103983164
97.5900000000049,102.04656515190717
97.60000000000491,102.05498420327429
97.61000000000492,102.06420465671069
97.62000000000492,102.07397572644318
97.63000000000493,102.08398383401314
97.64000000000493,102.09386249824773
97.65000000000494,102.10320754964516
97.66000000000494,102.11159698696937
97.67000000000495,102.1186142293577
97.68000000000495,102.12387303683137
97.69000000000496,102.12704204795536
97.70000000000496,102.12786677184994
97.71000000000497,102.1261870028966
97.72000000000497,102.12194799745858
97.73000000000498,102.11520432551922
97.74000000000498,102.10611601903094
97.75000000000499,102.0949373951819
97.760000000005,102.08199964167746
97.770000000005,102.06768882471584
97.780000000005,102.05242135131566
97.79000000000501,102.03661904879256
97.80000000000501,102.02068591263888
97.81000000000502,102.00498824991631
97.82000000000502,101.98983946485768
97.83000000000503,101.97549016888314
97.84000000000503,101.96212372472182
97.85000000000504,101.94985682230812
97.86000000000504,101.93874428462122
97.87000000000505,101.92878704495867
97.88000000000505,101.91994213067575
97.89000000000506,101.91213351920081
97.90000000000506,101.90526287201527
97.91000000000507,101.89921936459442
97.92000000000507,101.89388807650786
97.93000000000508,101.8891566512397
97.94000000000509,101.88492015277048
97.95000000000509,101.88108421816271
97.9600000000051,101.87756672460286
97.9700000000051,101.87429825621659
97.9800000000051,101.87122167725211
97.99000000000511,101.8682911042827
98.00000000000512,101.8654705325281
98.01000000000512,101.86273232123482
98.02000000000513,101.86005568943983
98.03000000000513,101.85742532306654
98.04000000000514,101.85483015133717
98.05000000000514,101.85226231687052
98.06000000000515,101.84971633978049
98.07000000000515,101.84718846065775
98.08000000000516,101.84467613892734
98.09000000000516,101.84217767994807
98.10000000000517,101.83969196465999
98.11000000000517,101.83721825815819
98.12000000000518,101.83475607717222
98.13000000000518,101.83230510028835
98.14000000000519,101.82986510838595
98.15000000000519,101.82743594591192
98.1600000000052,101.82501749619449
98.1700000000052,101.82260966600654
98.18000000000521,101.82021237609254
98.19000000000521,101.81782555546137
98.20000000000522,101.8154491380093
98.21000000000522,101.81308306055664
98.22000000000523,101.81072726172557
98.23000000000523,101.80838168130921
98.24000000000524,101.80604625992211
98.25000000000524,101.80372093880922
98.26000000000525,101.80140565974244
98.27000000000525,101.79910036496467
98.28000000000526,101.79680499715933
98.29000000000526,101.79451949943308
98.30000000000527,101.79224381530558
98.31000000000527,101.78997788870265
98.32000000000528,101.78772166395113
98.33000000000528,101.78547508577483
98.34000000000529,101.78323809929071
98.3500000000053,101.7810106500054
98.3600000000053,101.77879268381182
98.3700000000053,101.77658414698583
98.38000000000531,101.77438498618304
98.39000000000532,101.77219514843551
98.40000000000532,101.77001458114864
98.41000000000533,101.76784323209795
98.42000000000533,101.765681049426
98.43000000000534,101.76352798163929
98.44000000000534,101.76138397760523
98.45000000000535,101.75924898654904
98.46000000000535,101.75712295805083
98.47000000000536,101.75500584204258
98.48000000000536,101.7528975888052
98.49000000000537,101.75079814896564
98.50000000000537,101.74870747349401
98.51000000000538,101.74662551370069
98.52000000000538,101.74455222123353
98.53000000000539,101.74248754807503
98.54000000000539,101.7404314465396
98.5500000000054,101.73838386927075
98.5600000000054,101.73634476923844
98.57000000000541,101.73431409973632
98.58000000000541,101.73229181437914
98.59000000000542,101.73027786710001
98.60000000000542,101.72827221214787
98.61000000000543,101.72627480408484
98.62000000000543,101.72428559778366
98.63000000000544,101.72230454842519
98.64000000000544,101.72033161149584
98.65000000000545,101.7183667427851
98.66000000000545,101.71640989838303
98.67000000000546,101.71446103467791
98.68000000000546,101.7125201083537
98.69000000000547,101.71058707638768
98.70000000000547,101.70866189604811
98.71000000000548,101.70674452489183
98.72000000000548,101.70483492076193
98.73000000000549,101.70293304178543
98.7400000000055,101.70103884637105
98.7500000000055,101.69915229320685
98.7600000000055,101.69727334125805
98.77000000000551,101.69540194976477
98.78000000000551,101.69353807823983
98.79000000000552,101.69168168646658
98.80000000000553,101.68983273449673
98.81000000000553,101.68799118264816
98.82000000000554,101.68615699150288
98.83000000000554,101.68433012190486
98.84000000000555,101.68251053495796
98.85000000000555,101.68069819202384
98.86000000000556,101.67889305472
98.87000000000556,101.67709508491765
98.88000000000557,101.67530424473975
98.89000000000557,101.67352049655902
98.90000000000558,101.67174380299593
98.91000000000558,101.66997412691681
98.92000000000559,101.66821143143187
98.93000000000559,101.66645567989326
98.9400000000056,101.66470683589323
98.9500000000056,101.6629648632622
98.9600000000056,101.66122972606692
98.97000000000561,101.65950138860859
98.98000000000562,101.65777981542107
98.99000000000562,101.65606497126899
99.00000000000563,101.65435682114605
99.01000000000563,101.65265533027318
99.02000000000564,101.65096046409674
99.03000000000564,101.64927218828689
99.04000000000565,101.64759046873567
99.05000000000565,101.64591527155545
99.06000000000566,101.64424656307717
99.07000000000566,101.64258430984862
99.08000000000567,101.64092847863274
99.09000000000567,101.63927903640611
99.10000000000568,101.63763595035714
99.11000000000568,101.63599918788451
99.12000000000569,101.63436871659557
99.1300000000057,101.63274450430474
99.1400000000057,101.63112651903185
99.1500000000057,101.62951472900072
99.16000000000571,101.62790910263742
99.17000000000571,101.62630960856885
99.18000000000572,101.6247162156212
99.19000000000572,101.62312889281839
99.20000000000573,101.62154760938058
99.21000000000573,101.6199723347227
99.22000000000574,101.61840303845297
99.23000000000575,101.6168396903714
99.24000000000575,101.61528226046842
99.25000000000576,101.61373071892334
99.26000000000576,101.61218503610299
99.27000000000577,101.6106451825603
99.28000000000577,101.60911112903291
99.29000000000578,101.60758284644174
99.30000000000578,101.60606030588967
99.31000000000579,101.60454347866009
99.32000000000579,101.60303233621568
99.3300000000058,101.60152685019693
99.3400000000058,101.60002699242094
99.3500000000058,101.59853273487997
99.36000000000581,101.59704404974026
99.37000000000582,101.59556090934068
99.38000000000582,101.59408328619139
99.39000000000583,101.59261115297272
99.40000000000583,101.59114448253374
99.41000000000584,101.5896832478911
99.42000000000584,101.58822742222783
99.43000000000585,101.58677697889199
99.44000000000585,101.58533189139555
99.45000000000586,101.58389213341319
99.46000000000586,101.58245767878101
99.47000000000587,101.58102850149544
99.48000000000587,101.579604575712
99.49000000000588,101.57818587574417
99.50000000000588,101.57677237606222
99.51000000000589,101.57536405129208
99.5200000000059,101.57396087621419
99.5300000000059,101.57256282576232
99.5400000000059,101.57116987502255
99.55000000000591,101.56978199923213
99.56000000000591,101.56839917377832
99.57000000000592,101.56702137419738
99.58000000000592,101.56564857617344
99.59000000000593,101.56428075553747
99.60000000000593,101.56291788826616
99.61000000000594,101.56155995048093
99.62000000000594,101.56020691844685
99.63000000000595,101.5588587685716
99.64000000000595,101.55751547740446
99.65000000000596,101.5561770216353
99.66000000000597,101.55484337809354
99.67000000000597,101.55351452374717
99.68000000000598,101.55219043570176
99.69000000000598,101.55087109119947
99.70000000000599,101.54955646761806
99.71000000000599,101.54824654246993
99.720000000006,101.54694129340118
99.730000000006,101.54564069819064
99.740000000006,101.54434473474892
99.75000000000601,101.54305338111747
99.76000000000602,101.54176661546771
99.77000000000602,101.54048441609999
99.78000000000603,101.53920676144281
99.79000000000603,101.53793363005182
99.80000000000604,101.53666500060896
99.81000000000604,101.53540085192158
99.82000000000605,101.5341411629215
99.83000000000605,101.5328859126642
99.84000000000606,101.53163508032793
99.85000000000606,101.53038864521282
99.86000000000607,101.52914658674005
99.87000000000607,101.52790888445104
99.88000000000608,101.52667551800648
99.89000000000608,101.52544646718567
99.90000000000609,101.52422171188556
99.9100000000061,101.52300123211998
99.9200000000061,101.52178500801881
99.9300000000061,101.52057301982722
99.94000000000611,101.5193652479048
99.95000000000611,101.5181616727248
99.96000000000612,101.51696227487335
99.97000000000612,101.51576703504865
99.98000000000613,101.51457593406023
99.99000000000613,101.51338895282817
