0.0,2.7337613825411447e-25
1.0,2.0112397147086315e-24
2.0,1.4342499057893067e-23
3.0,9.913878358464606e-23
4.0,6.642324732657221e-22
5.0,4.313744152664739e-21
6.0,2.715478855706956e-20
7.0,1.6568997382690283e-19
8.0,9.79949724636512e-19
9.0,5.617836857301897e-18
10.0,3.121707537093145e-17
11.0,1.6814078273613236e-16
12.0,8.778325465214979e-16
13.0,4.442301742574021e-15
14.0,2.1790248972949682e-14
15.0,1.0360342010482506e-13
16.0,4.774674325453517e-13
17.0,2.132903358767618e-12
18.0,9.235413904446457e-12
19.0,3.8761387258349543e-11
20.0,1.5768849993566108e-10
21.0,6.218111333880616e-10
22.0,2.376701978038271e-09
23.0,8.8053925838149e-09
24.0,3.162135540606777e-08
25.0,1.1007026228243655e-07
26.0,3.713789493534768e-07
27.0,1.214569377362371e-06
28.0,3.850216342586479e-06
29.0,1.1830570856525367e-05
30.0,3.523579145436606e-05
31.0,0.00010172322555914634
32.0,0.00028465182775136655
33.0,0.000772085849055911
34.0,0.0020299015286414776
35.0,0.0051729956183494755
36.0,0.012778121476648412
37.0,0.03059494497261091
38.0,0.07100519138731795
39.0,0.15973066152629983
40.0,0.348292594326356
41.0,0.7361358223557409
42.0,1.508097521265999
43.0,2.9947368189505648
44.0,5.764287851099983
45.0,10.754504855778432
46.0,19.4488058947245
47.0,34.09205857146337
48.0,57.92569748779021
49.0,95.39971555985662
50.0,152.29324824676888
51.0,235.65246217055636
52.0,353.4443761359489
53.0,513.8400268583541
54.0,724.0899999272739
55.0,989.0424445599315
56.0,1309.4685480875446
57.0,1680.4785585496531
58.0,2090.396365386524
59.0,2520.4731164936356
60.0,2945.732183059286
61.0,3337.0461404385323
62.0,3664.282306692281
63.0,3900.078976410056
64.0,4023.6077830717745
65.0,4023.6077830717745
66.0,3900.078976410056
67.0,3664.282306692281
68.0,3337.0461404385323
69.0,2945.732183059286
70.0,2520.4731164936356
71.0,2090.396365386524
72.0,1680.4785585496531
73.0,1309.4685480875446
74.0,989.0424445599315
75.0,724.0899999272739
76.0,513.8400268583541
77.0,353.4443761359489
78.0,235.65246217055636
79.0,152.29324824676888
80.0,95.39971555985662
81.0,57.92569748779021
82.0,34.09205857146337
83.0,19.4488058947245
84.0,10.754504855778432
85.0,5.764287851099983
86.0,2.9947368189505648
87.0,1.508097521265999
88.0,0.7361358223557409
89.0,0.348292594326356
90.0,0.15973066152629983
91.0,0.07100519138731795
92.0,0.03059494497261091
93.0,0.012778121476648412
94.0,0.0051729956183494755
95.0,0.0020299015286414776
96.0,0.000772085849055911
97.0,0.00028465182775136655
98.0,0.00010172322555914634
99.0,3.523579145436606e-05
100.0,1.1830570856525367e-05
101.0,3.850216342586479e-06
102.0,1.214569377362371e-06
103.0,3.713789493534768e-07
104.0,1.1007026228243655e-07
105.0,3.162135540606777e-08
106.0,8.8053925838149e-09
107.0,2.376701978038271e-09
108.0,6.218111333880616e-10
109.0,1.5768849993566108e-10
110.0,3.8761387258349543e-11
111.0,9.235413904446457e-12
112.0,2.132903358767618e-12
113.0,4.774674325453517e-13
114.0,1.0360342010482506e-13
115.0,2.1790248972949682e-14
116.0,4.442301742574021e-15
117.0,8.778325465214979e-16
118.0,1.6814078273613236e-16
119.0,3.121707537093145e-17
120.0,5.617836857301897e-18
121.0,9.79949724636512e-19
122.0,1.6568997382690283e-19
123.0,2.715478855706956e-20
124.0,4.313744152664739e-21
125.0,6.642324732657221e-22
126.0,9.913878358464606e-23
127.0,1.4342499057893067e-23
128.0,2.0112397147086315e-24
129.0,2.7337613825411447e-25
130.0,3.601763017430692e-26
131.0,4.599677964140704e-27
132.0,5.69373802311471e-28
133.0,6.831645100103145e-29
134.0,7.945310520694312e-30
135.0,8.956827604151643e-31
136.0,9.787129108167504e-32
137.0,1.0366071058710823e-32
138.0,1.0642185084862611e-33
139.0,1.0590225211662067e-34
140.0,1.0214975893748591e-35
141.0,9.550525274887673e-37
142.0,8.655156646751878e-38
143.0,7.602919087294109e-39
144.0,6.473565801223573e-40
145.0,5.342745989371421e-41
146.0,4.274085928068619e-42
147.0,3.3142077866829555e-43
148.0,2.491001445411719e-44
149.0,1.8147883711948635e-45
150.0,1.2815505989208825e-46
151.0,8.772094268200743e-48
152.0,5.8200750419223014e-49
153.0,3.742929443895526e-50
154.0,2.3332026376724707e-51
155.0,1.409779006107362e-52
156.0,8.256716653727336e-54
157.0,4.687286346002235e-55
158.0,2.5792494794520016e-56
159.0,1.375697600494344e-57
160.0,7.1123049606968864e-59
161.0,3.564146297513269e-60
162.0,1.7312446185544922e-61
163.0,8.151154268560284e-63
164.0,3.7199538402439264e-64
165.0,1.6455601101166e-65
166.0,7.055823579264945e-67
167.0,2.9325095666889323e-68
168.0,1.1813781218474754e-69
169.0,4.613135084495861e-71
170.0,1.746068117212589e-72
171.0,6.405956047213252e-74
172.0,2.278056487437787e-75
173.0,7.852406701654355e-77
174.0,2.623607376463055e-78
175.0,8.49674654385492e-80
176.0,2.6672532058240928e-81
177.0,8.115842121248635e-83
178.0,2.3936502657693656e-84
179.0,6.842984630538222e-86
180.0,1.896217694335963e-87
181.0,5.0931748643104805e-89
182.0,1.326009823163553e-90
183.0,3.346282927098689e-92
184.0,8.185332690925673e-94
185.0,1.9407418729092763e-95
186.0,4.460227165145283e-97
187.0,9.935825207680683e-99
188.0,2.1454019400755993e-100
189.0,4.490256573277836e-102
190.0,9.109434292883944e-104
191.0,1.7913045122333236e-105
192.0,3.4143276427271186e-107
193.0,6.308102339044078e-109
194.0,1.1296659243937261e-110
195.0,1.9609164466061663e-112
196.0,3.299331180321153e-114
197.0,5.38084516930187e-116
198.0,8.506146181377922e-118
199.0,1.3033856952281095e-119
200.0,1.9358460674351499e-121
201.0,2.7869325175518347e-123
202.0,3.889017050358974e-125
203.0,5.260305940128667e-127
204.0,6.896677558691479e-129
205.0,8.76448903746034e-131
206.0,1.0796203062589474e-132
207.0,1.2890603458089167e-134
208.0,1.4918776752415192e-136
209.0,1.6735972110426055e-138
210.0,1.8198116199940548e-140
211.0,1.91804894841076e-142
212.0,1.9595245118055095e-144
213.0,1.9404366858899904e-146
214.0,1.8625417441673135e-148
215.0,1.7328872864948275e-150
216.0,1.5627603282671342e-152
217.0,1.36606763521197e-154
218.0,1.1574701199297968e-156
219.0,9.506160375813402e-159
220.0,7.567601371433219e-161
221.0,5.839412021438616e-163
222.0,4.367548676941128e-165
223.0,3.1663881410303486e-167
224.0,2.2250937234824922e-169
225.0,1.5156196562189172e-171
226.0,1.0006677685619553e-173
227.0,6.40394149706283e-176
228.0,3.972487708988848e-178
229.0,2.388556564873315e-180
230.0,1.3920866252297466e-182
231.0,7.864203684618854e-185
232.0,4.306267534854165e-187
233.0,2.2856252440805243e-189
234.0,1.175890285353032e-191
235.0,5.863897129174268e-194
236.0,2.834416354689308e-196
237.0,1.3280019404708528e-198
238.0,6.0310306560405e-201
239.0,2.654863058070329e-203
240.0,1.1327927865052615e-205
241.0,4.685075427543049e-208
242.0,1.8781940553171058e-210
243.0,7.298306499513883e-213
244.0,2.7489161731146504e-215
245.0,1.003595387995732e-217
246.0,3.55151439479532e-220
247.0,1.218221510460364e-222
248.0,4.0503887684876355e-225
249.0,1.3053438234080764e-227
250.0,4.0776588542749506e-230
251.0,1.2346805916353462e-232
252.0,3.623732372864989e-235
253.0,1.0308972289291894e-237
254.0,2.8427089095852533e-240
255.0,7.59813789513045e-243
