0.0,5.776475582271282e-209
1.0,4.179154600206691e-203
2.0,2.5049122539522338e-197
3.0,1.243870538974041e-191
4.0,5.117247594458712e-186
5.0,1.7441196046877133e-180
6.0,4.9248689841398925e-175
7.0,1.1521039978258495e-169
8.0,2.2328896992415955e-164
9.0,3.585266484206513e-159
10.0,4.769295116653159e-154
11.0,5.256123205041926e-149
12.0,4.799052058290554e-144
13.0,3.630144977272854e-139
14.0,2.2749458466459943e-134
15.0,1.1811273899033538e-129
16.0,5.080436211793943e-125
17.0,1.8104388038599534e-120
18.0,5.344970104657963e-116
19.0,1.307330206627333e-111
20.0,2.6491338123560193e-107
21.0,4.4473476551589597e-103
22.0,6.185529022408201e-99
23.0,7.127401139801778e-95
24.0,6.803997413306217e-91
25.0,5.381156984964459e-87
26.0,3.525865720003519e-83
27.0,1.9139670614595442e-79
28.0,8.607593222409714e-76
29.0,3.207063763885104e-72
30.0,9.899472171195227e-69
31.0,2.5315998885278925e-65
32.0,5.363603692432419e-62
33.0,9.414491739832666e-59
34.0,1.36903849783819e-55
35.0,1.6493507692243697e-52
36.0,1.6462241873352098e-49
37.0,1.3612676184514763e-46
38.0,9.325596781821776e-44
39.0,5.292834786477371e-41
40.0,2.488734834674194e-38
41.0,9.694992999339307e-36
42.0,3.128923589063568e-33
43.0,8.366060473191031e-31
44.0,1.8532142288121953e-28
45.0,3.401017267892326e-26
46.0,5.170953499813595e-24
47.0,6.513448928180907e-22
48.0,6.797198869043043e-20
49.0,5.876618868369067e-18
50.0,4.2092397049505964e-16
51.0,2.4978041105081773e-14
52.0,1.227981087091277e-12
53.0,5.001537904721261e-11
54.0,1.6876952785966516e-09
55.0,4.718055994123818e-08
56.0,1.092724626087848e-06
57.0,2.0967031848689936e-05
58.0,0.00033330495003988534
59.0,0.004389602117879946
60.0,0.04789466438059108
61.0,0.43293998357788643
62.0,3.242252567253157
63.0,20.116136491178576
64.0,103.40008340465504
65.0,440.327479053996
66.0,1553.492901367539
67.0,4540.684655566796
68.0,10995.424350363597
69.0,22058.766952825383
70.0,36663.08911813258
71.0,50484.19794680706
72.0,57591.77340311073
73.0,54430.71348511094
74.0,42619.287688585115
75.0,27646.931159327036
76.0,14858.202048899906
77.0,6615.5228358031845
78.0,2440.2856745274134
79.0,745.7542763962181
80.0,188.8119244857296
81.0,39.60423872974225
82.0,6.882282653932917
83.0,0.9908363362637616
84.0,0.11818161731073658
85.0,0.011678216374738499
86.0,0.0009560523882384097
87.0,6.484335067650491e-05
88.0,3.643575643036716e-06
89.0,1.6961674183646549e-07
90.0,6.5416639064776244e-09
91.0,2.0901926812834995e-10
92.0,5.533029713582427e-12
93.0,1.2134398873077634e-13
94.0,2.2047132658311644e-15
95.0,3.318673659533425e-17
96.0,4.138620130299169e-19
97.0,4.275876645457988e-21
98.0,3.6599348459461024e-23
99.0,2.5953750479638924e-25
100.0,1.5247740083231558e-27
101.0,7.42146117801177e-30
102.0,2.992622550186829e-32
103.0,9.99753775133587e-35
104.0,2.7670228514278206e-37
105.0,6.344698996738092e-40
106.0,1.2052798198568826e-42
107.0,1.8968951736669124e-45
108.0,2.4733032168615857e-48
109.0,2.671714070137666e-51
110.0,2.3910088152862457e-54
111.0,1.7727641536018033e-57
112.0,1.0889284134291803e-60
113.0,5.5414865442861945e-64
114.0,2.3363172764775288e-67
115.0,8.160484465613457e-71
116.0,2.3614494249009627e-74
117.0,5.661349146818849e-78
118.0,1.1244491351605402e-81
119.0,1.8502834933131403e-85
120.0,2.522407903618707e-89
121.0,2.848858948065758e-93
122.0,2.665662485528236e-97
123.0,2.0664169595879206e-101
124.0,1.3271173881575393e-105
125.0,7.061212896842591e-110
126.0,3.112632562842604e-114
127.0,1.1367239011753208e-118
128.0,3.439225968797312e-123
129.0,8.62074929827007e-128
130.0,1.7902261804618858e-132
131.0,3.0799905002343056e-137
132.0,4.390049674375273e-142
133.0,5.184036805534841e-147
134.0,5.071603613170683e-152
135.0,4.1105611502967294e-157
136.0,2.7601679487365104e-162
137.0,1.535495288310923e-167
138.0,7.076851006429969e-173
139.0,2.702154648423675e-178
140.0,8.547890176255962e-184
141.0,2.2401972052264633e-189
142.0,4.863984171015323e-195
143.0,8.749367109471276e-201
144.0,1.3038862632085193e-206
145.0,1.6098349992621942e-212
146.0,1.6466511611005298e-218
147.0,1.3954054947114166e-224
148.0,9.796655521325348e-231
149.0,5.698149378627814e-237
150.0,2.745796882410446e-243
151.0,1.0961792311270123e-249
152.0,3.625545131437283e-256
153.0,9.934445838391202e-263
154.0,2.2552389393199997e-269
155.0,4.241505760036843e-276
156.0,6.608853808610358e-283
157.0,8.531213558698247e-290
158.0,9.123764493217615e-297
159.0,8.08380639815105e-304
160.0,5.933846738673e-311
161.0,3.71298e-318
162.0,0.0
163.0,0.0
164.0,0.0
165.0,0.0
166.0,0.0
167.0,0.0
168.0,0.0
169.0,0.0
170.0,0.0
171.0,0.0
172.0,0.0
173.0,0.0
174.0,0.0
175.0,0.0
176.0,0.0
177.0,0.0
178.0,0.0
179.0,0.0
180.0,0.0
181.0,0.0
182.0,0.0
183.0,0.0
184.0,0.0
185.0,0.0
186.0,0.0
187.0,0.0
188.0,0.0
189.0,0.0
190.0,0.0
191.0,0.0
192.0,0.0
193.0,0.0
194.0,0.0
195.0,0.0
196.0,0.0
197.0,0.0
198.0,0.0
199.0,0.0
200.0,0.0
201.0,0.0
202.0,0.0
203.0,0.0
204.0,0.0
205.0,0.0
206.0,0.0
207.0,0.0
208.0,0.0
209.0,0.0
210.0,0.0
211.0,0.0
212.0,0.0
213.0,0.0
214.0,0.0
215.0,0.0
216.0,0.0
217.0,0.0
218.0,0.0
219.0,0.0
220.0,0.0
221.0,0.0
222.0,0.0
223.0,0.0
224.0,0.0
225.0,0.0
226.0,0.0
227.0,0.0
228.0,0.0
229.0,0.0
230.0,0.0
231.0,0.0
232.0,0.0
233.0,0.0
234.0,0.0
235.0,0.0
236.0,0.0
237.0,0.0
238.0,0.0
239.0,0.0
240.0,0.0
241.0,0.0
242.0,0.0
243.0,0.0
244.0,0.0
245.0,0.0
246.0,0.0
247.0,0.0
248.0,0.0
249.0,0.0
250.0,0.0
251.0,0.0
252.0,0.0
253.0,0.0
254.0,0.0
255.0,0.0
