0.0,0.032422355808385664
1.0,0.037604319772882325
2.0,0.0435697711926255
3.0,0.05042979397463749
4.0,0.05831005903198614
5.0,0.06735256517426723
6.0,0.07771756284821016
7.0,0.08958567655322816
8.0,0.10316024268521268
9.0,0.1186698804865225
10.0,0.13637131469117197
11.0,0.15655246934058728
12.0,0.1795358530944319
13.0,0.20568225715888222
14.0,0.23539478768580496
15.0,0.2691232551433962
16.0,0.3073689437032247
17.0,0.3506897841099169
18.0,0.3997059537758779
19.0,0.45510592795093646
20.0,0.5176530057304792
21.0,0.5881923343589613
22.0,0.6676584547307725
23.0,0.757083390158209
24.0,0.8576052993368055
25.0,0.9704777129605737
26.0,1.0970793715926186
27.0,1.2389246801486953
28.0,1.397674791671187
29.0,1.5751493299284083
30.0,1.773338756739472
31.0,1.9944173857709855
32.0,2.240757039853701
33.0,2.5149413436041814
34.0,2.8197806372932037
35.0,3.158327491471579
36.0,3.5338927948492924
37.0,3.950062380346659
38.0,4.410714146143666
39.0,4.920035620033894
40.0,5.482541906592692
41.0,6.103093947845991
42.0,6.7869170196804305
43.0,7.539619378814326
44.0,8.367210969772582
45.0,9.276122099571635
46.0,10.273221992185148
47.0,11.365837149091501
48.0,12.561769471978568
49.0,13.86931415746729
50.0,15.297277463958679
51.0,16.854994595451323
52.0,18.55234817217529
53.0,20.39978809932499
54.0,22.408354153016536
55.0,24.58970334459015
56.0,26.956145190571934
57.0,29.520689523119575
58.0,32.297113573294176
59.0,35.30005793070296
60.0,38.54516484768026
61.0,42.049277467074845
62.0,45.830725186671806
63.0,49.909728812943875
64.0,54.30896966071707
65.0,59.054379512927234
66.0,64.1762234238674
67.0,69.71056457491305
68.0,75.7012193048018
69.0,82.20233013890176
70.0,89.28170368230245
71.0,97.02507649694292
72.0,105.5414826630561
73.0,114.96989792500673
74.0,125.48732265212224
75.0,137.31843417496825
76.0,150.74688289857573
77.0,166.12822055849716
78.0,183.9043284290667
79.0,204.6190551408272
80.0,228.934577485057
81.0,257.64776625000735
82.0,291.70558045892534
83.0,332.21824059308585
84.0,380.4686637689778
85.0,437.91640675914346
86.0,506.1941869832095
87.0,587.0949720526613
88.0,682.5476832210691
89.0,794.579793655468
90.0,925.2656115817334
91.0,1076.6601350467472
92.0,1250.7212403340893
93.0,1449.2317344062055
94.0,1673.7596599309015
95.0,1925.770061983625
96.0,2207.1806576147005
97.0,2522.0035731670528
98.0,2880.212975773714
99.0,3305.284322623758
100.0,3846.0503960955175
101.0,4590.280604936106
102.0,5671.2141966055915
103.0,7251.829053736839
104.0,9472.069940224908
105.0,12359.785962400321
106.0,15736.42838933452
107.0,19176.27674168394
108.0,22074.391647141096
109.0,23828.104064241852
110.0,24062.000507832934
111.0,22781.458948149946
112.0,20368.01862449674
113.0,17419.400212514174
114.0,14524.472299087502
115.0,12087.300192243014
116.0,10266.344471996315
117.0,9020.118358777017
118.0,8202.665307344974
119.0,7651.078609265772
120.0,7235.887387433306
121.0,6874.9012501878715
122.0,6525.669435823609
123.0,6171.528972118198
124.0,5809.633433965031
125.0,5443.312415268561
126.0,5078.038336236299
127.0,4719.570299033438
128.0,4373.17603818828
129.0,4043.3231740459423
130.0,3733.5661314178333
131.0,3446.5227575756235
132.0,3183.9021909031744
133.0,2946.568056407774
134.0,2734.6272893790015
135.0,2547.5363790461765
136.0,2384.217399480799
137.0,2243.176874172568
138.0,2122.6214688625946
139.0,2020.5656651951665
140.0,1934.9278299395542
141.0,1863.6123571673897
142.0,1804.5767367766487
143.0,1755.8834272569875
144.0,1715.7372424425205
145.0,1682.5095826889974
146.0,1654.751251629759
147.0,1631.1958171530894
148.0,1610.7555271267056
149.0,1592.5117105293166
150.0,1575.7014189485385
151.0,1559.7018264364006
152.0,1544.0136382132337
153.0,1528.2444860328515
154.0,1512.0930294500192
155.0,1495.3342509930967
156.0,1477.8062370526368
157.0,1459.3985782220186
158.0,1440.0424023374474
159.0,1419.7019674861212
160.0,1398.3676861382512
161.0,1376.0504199225506
162.0,1352.776871917317
163.0,1328.5859045386046
164.0,1303.5256216841549
165.0,1277.6510700317149
166.0,1251.0224334029863
167.0,1223.7036137668892
168.0,1195.7611113172313
169.0,1167.2631332225292
170.0,1138.2788756413427
171.0,1108.8779362705209
172.0,1079.129825104937
173.0,1049.1035494259713
174.0,1018.8672555616959
175.0,988.4879149580346
176.0,958.0310458450447
177.0,927.5604645297875
178.0,897.1380623179539
179.0,866.8236054452691
180.0,836.674556336564
181.0,806.745915123513
182.0,777.0900807325365
183.0,747.7567310710556
184.0,718.7927219441368
185.0,690.2420043617079
186.0,662.1455598755789
187.0,634.5413535343228
188.0,607.4643039757948
189.0,580.9462701007978
190.0,555.0160536933379
191.0,529.6994172772522
192.0,505.01911642851894
193.0,480.99494569911786
194.0,457.64379725303996
195.0,434.9797312686466
196.0,413.01405712439436
197.0,391.75542435709053
198.0,371.20992236324497
199.0,351.38118780453675
200.0,332.27051867757956
201.0,313.876994015661
202.0,296.1975982054316
203.0,279.22734892412257
204.0,262.95942773215495
205.0,247.38531239135702
206.0,232.49491001977918
207.0,218.27669023960183
208.0,204.7178175242026
209.0,191.8042820033989
210.0,179.5210280415352
211.0,167.85207996077986
212.0,156.7806643410949
213.0,146.28932838822547
214.0,136.36005392114197
215.0,126.97436659010728
216.0,118.11343999542358
217.0,109.7581944344704
218.0,101.88939006045561
219.0,94.48771428998593
220.0,87.53386334779063
221.0,81.00861788542306
222.0,74.89291265627837
223.0,69.1679002716158
224.0,63.815009101314836
225.0,58.81599541872243
226.0,54.15298992110849
227.0,49.80853878590959
228.0,45.765639448129264
229.0,42.00777130601796
230.0,38.518921580558455
231.0,35.283606569436145
232.0,32.2868885482063
233.0,29.514388580430722
234.0,26.95229550480839
235.0,24.587371370950258
236.0,22.40695359663319
237.0,20.398954118314574
238.0,18.55185580359537
239.0,16.85470638939389
240.0,15.297110203038285
241.0,13.869217915506075
242.0,12.561714566832531
243.0,11.365806093468787
244.0,10.27320457628054
245.0,9.276112416114444
246.0,8.36720563158979
247.0,7.539616461151853
248.0,6.786915438595271
249.0,6.10309309836419
250.0,5.482541454079232
251.0,4.920035381039603
252.0,4.4107140209961715
253.0,3.9500623153732892
254.0,3.5338927614045983
255.0,3.158327474402988
