0.0,0.032422355808385664
1.0,0.037604319772882325
2.0,0.0435697711926255
3.0,0.05042979397463749
4.0,0.05831005903198614
5.0,0.06735256517426723
6.0,0.07771756284821016
7.0,0.08958567655322816
8.0,0.10316024268521266
9.0,0.11866988048652247
10.0,0.13637131469117192
11.0,0.15655246934058714
12.0,0.1795358530944316
13.0,0.2056822571588815
14.0,0.23539478768580324
15.0,0.26912325514339214
16.0,0.30736894370321527
17.0,0.35068978410989515
18.0,0.3997059537758282
19.0,0.4551059279508237
20.0,0.5176530057302259
21.0,0.5881923343583969
22.0,0.6676584547295255
23.0,0.7570833901554777
24.0,0.857605299330874
25.0,0.9704777129478027
26.0,1.097079371565356
27.0,1.2389246800909932
28.0,1.3976747915501015
29.0,1.5751493296764834
30.0,1.7733387562198004
31.0,1.9944173847081514
32.0,2.2407570376985357
33.0,2.5149413392713242
34.0,2.8197806286565257
35.0,3.158327474402988
36.0,3.5338927614045983
37.0,3.9500623153732892
38.0,4.4107140209961715
39.0,4.920035381039603
40.0,5.482541454079232
41.0,6.10309309836419
42.0,6.786915438595271
43.0,7.539616461151853
44.0,8.36720563158979
45.0,9.276112416114444
46.0,10.27320457628054
47.0,11.365806093468787
48.0,12.561714566832531
49.0,13.869217915506075
50.0,15.297110203038285
51.0,16.85470638939389
52.0,18.55185580359537
53.0,20.398954118314574
54.0,22.40695359663319
55.0,24.587371370950258
56.0,26.95229550480839
57.0,29.514388580430722
58.0,32.2868885482063
59.0,35.283606569436145
60.0,38.518921580558455
61.0,42.00777130601796
62.0,45.765639448129264
63.0,49.80853878590959
64.0,54.15298992110849
65.0,58.81599541872243
66.0,63.815009101314836
67.0,69.1679002716158
68.0,74.89291265627837
69.0,81.00861788542306
70.0,87.53386334779063
71.0,94.48771428998593
72.0,101.88939006045561
73.0,109.7581944344704
74.0,118.11343999542358
75.0,126.97436659010728
76.0,136.36005392114197
77.0,146.28932838822547
78.0,156.7806643410949
79.0,167.85207996077983
80.0,179.52102804153515
81.0,191.80428200339878
82.0,204.71781752420233
83.0,218.27669023960127
84.0,232.49491001977793
85.0,247.3853123913543
86.0,262.95942773214904
87.0,279.2273489241098
88.0,296.1975982054043
89.0,313.8769940156033
90.0,332.2705186774585
91.0,351.3811878042848
92.0,371.2099223627253
93.0,391.7554243560277
94.0,413.0140571222392
95.0,434.9797312643138
96.0,457.6437972444033
97.0,480.99494568204926
98.0,505.01911639507426
99.0,529.6994172122788
100.0,555.0160535681904
101.0,580.9462698618036
102.0,607.4643035232814
103.0,634.541352684841
104.0,662.1455582944938
105.0,690.2420014440454
106.0,718.7927166059541
107.0,747.7567213875984
108.0,777.0900633166319
109.0,806.7458840678903
110.0,836.674501431418
111.0,866.8235092033079
112.0,897.1378950570335
113.0,927.56017632373
114.0,958.0305534764648
115.0,988.4870809770242
116.0,1018.8658550053125
117.0,1049.1012174523314
118.0,1079.1259754191735
119.0,1108.871635327832
120.0,1138.2686506162547
121.0,1167.2466818612625
122.0,1195.7348680501095
123.0,1223.6621076058323
124.0,1250.9573476644437
125.0,1277.5498800046805
126.0,1303.3696419445464
127.0,1328.3475204443998
128.0,1352.4156575947645
129.0,1375.5077556192534
130.0,1397.5593794897277
131.0,1418.5082552326426
132.0,1438.2945620029354
133.0,1456.8612160150617
134.0,1474.1541444500363
135.0,1490.1225475025603
136.0,1504.7191467933205
137.0,1517.9004184479904
138.0,1529.6268092357998
139.0,1539.8629342661288
140.0,1548.5777548605668
141.0,1555.7447353492691
142.0,1561.3419776831838
143.0,1565.3523329064817
144.0,1567.763488695049
145.0,1568.5680323356705
146.0,1567.763488695049
147.0,1565.3523329064817
148.0,1561.3419776831838
149.0,1555.7447353492691
150.0,1548.5777548605668
151.0,1539.8629342661288
152.0,1529.6268092357998
153.0,1517.9004184479904
154.0,1504.7191467933205
155.0,1490.1225475025603
156.0,1474.1541444500363
157.0,1456.8612160150617
158.0,1438.2945620029354
159.0,1418.5082552326426
160.0,1397.5593794897277
161.0,1375.5077556192534
162.0,1352.4156575947645
163.0,1328.3475204443998
164.0,1303.3696419445464
165.0,1277.5498800046805
166.0,1250.9573476644437
167.0,1223.6621076058323
168.0,1195.7348680501095
169.0,1167.2466818612625
170.0,1138.2686506162547
171.0,1108.871635327832
172.0,1079.1259754191735
173.0,1049.1012174523314
174.0,1018.8658550053125
175.0,988.4870809770242
176.0,958.0305534764648
177.0,927.56017632373
178.0,897.1378950570335
179.0,866.8235092033079
180.0,836.674501431418
181.0,806.7458840678903
182.0,777.0900633166319
183.0,747.7567213875984
184.0,718.7927166059541
185.0,690.2420014440454
186.0,662.1455582944938
187.0,634.541352684841
188.0,607.4643035232814
189.0,580.9462698618036
190.0,555.0160535681904
191.0,529.6994172122788
192.0,505.01911639507426
193.0,480.99494568204926
194.0,457.6437972444033
195.0,434.9797312643138
196.0,413.0140571222392
197.0,391.7554243560277
198.0,371.2099223627253
199.0,351.3811878042848
200.0,332.2705186774585
201.0,313.8769940156033
202.0,296.1975982054043
203.0,279.2273489241098
204.0,262.95942773214904
205.0,247.3853123913543
206.0,232.49491001977793
207.0,218.27669023960127
208.0,204.71781752420233
209.0,191.80428200339878
210.0,179.52102804153515
211.0,167.85207996077983
212.0,156.7806643410949
213.0,146.28932838822547
214.0,136.36005392114197
215.0,126.97436659010728
216.0,118.11343999542358
217.0,109.7581944344704
218.0,101.88939006045561
219.0,94.48771428998593
220.0,87.53386334779063
221.0,81.00861788542306
222.0,74.89291265627837
223.0,69.1679002716158
224.0,63.815009101314836
225.0,58.81599541872243
226.0,54.15298992110849
227.0,49.80853878590959
228.0,45.765639448129264
229.0,42.00777130601796
230.0,38.518921580558455
231.0,35.283606569436145
232.0,32.2868885482063
233.0,29.514388580430722
234.0,26.95229550480839
235.0,24.587371370950258
236.0,22.40695359663319
237.0,20.398954118314574
238.0,18.55185580359537
239.0,16.85470638939389
240.0,15.297110203038285
241.0,13.869217915506075
242.0,12.561714566832531
243.0,11.365806093468787
244.0,10.27320457628054
245.0,9.276112416114444
246.0,8.36720563158979
247.0,7.539616461151853
248.0,6.786915438595271
249.0,6.10309309836419
250.0,5.482541454079232
251.0,4.920035381039603
252.0,4.4107140209961715
253.0,3.9500623153732892
254.0,3.5338927614045983
255.0,3.158327474402988
