0,6.79517828822477e-15
1,1.3971360670088082e-14
2,2.854432828221106e-14
3,5.794877051647138e-14
4,1.1689929714893376e-13
5,2.3432727880333977e-13
6,4.667422050499594e-13
7,9.237928006595003e-13
8,1.8168344172726653e-12
9,3.5505807866883828e-12
10,6.8948801931532664e-12
11,1.3304462232123663e-11
12,2.5510043613436053e-11
13,4.860359042481124e-11
14,9.201715024562839e-11
15,1.731061434459607e-10
16,3.2359325324887476e-10
17,6.01076447109919e-10
18,1.109438514364333e-09
19,2.034792093420664e-09
20,3.70834490145037e-09
21,6.715579168388218e-09
22,1.208453940248913e-08
23,2.1608270416941404e-08
24,3.839310048679239e-08
25,6.778438189730014e-08
26,1.1891848565961762e-07
27,2.073062402926509e-07
28,3.5910268786421166e-07
29,6.181134752107941e-07
30,1.0572094648358301e-06
31,1.7967892842133515e-06
32,3.0344258569412665e-06
33,5.092126538428614e-06
34,8.4911227530985e-06
35,1.4069359496268675e-05
36,2.3164706894717306e-05
37,3.789854765878587e-05
38,6.161147421381614e-05
39,9.952768647910815e-05
40,0.00015976053005149735
41,0.00025482284010118185
42,0.00040387826886203787
43,0.0006360714395995541
44,0.0009954159159246683
45,0.0015479129749523357
46,0.0023918380804094047
47,0.003672487165142173
48,0.005603147724500057
49,0.008494682160286182
50,0.01279692045169528
51,0.019156099406235343
52,0.028493904807696552
53,0.0421153225690802
54,0.06185453821603055
55,0.09027059017306523
56,0.13090742190421648
57,0.18863641464631345
58,0.2701034130467444
59,0.3843066379915274
60,0.5433366180000304
61,0.7633141964415927
62,1.0655675329879104
63,1.4780934567296666
64,2.037352069396901
65,2.7904455358829012
66,3.79773180062828
67,5.135920674492982
68,6.901692389247065
69,9.21586629689502
70,12.228128879443119
71,16.122304693997563
72,21.1221205571969
73,27.497371732031397
74,35.570349130487884
75,45.72232919739741
76,58.39986454678488
77,74.12054580109282
78,93.47783660989008
79,117.14451865942956
80,145.8742267336652
81,180.50051146634334
82,221.93284581549054
83,271.1489971924226
84,329.1832270329519
85,397.10985904393306
86,476.0218805903817
87,567.0044108098249
88,671.1030834297491
89,789.2876480327589
90,922.4113831205382
91,1071.1672264123013
92,1236.0418473164289
93,1417.2691951198065
94,1614.7853333675207
95,1828.1865940418654
96,2056.693232474638
97,2299.1208151657506
98,2553.8615110654932
99,2818.8772708795327
100,3091.7065638433573
101,3369.4859004656973
102,3648.9868149763874
103,3926.6683335069733
104,4198.744242540888
105,4461.263733053519
106,4710.203270221736
107,4941.566870330231
108,5151.491398828397
109,5336.353076140806
110,5492.871123941908
111,5618.204427957355
112,5710.037246215525
113,5766.650353398973
114,5786.974568524213
115,5770.624337778932
116,5717.9098988613205
117,5629.827490648704
118,5508.02803982664
119,5354.765699498565
120,5172.828480717622
121,4965.453958607378
122,4736.233611067966
123,4489.009731852649
124,4227.769035598528
125,3956.537038113504
126,3679.2770617751244
127,3399.7973059141236
128,3121.6688677812162
129,2848.156940301674
130,2582.1666913660224
131,2326.204589700865
132,2082.3552260161223
133,1852.2730219463542
134,1637.1876532875096
135,1437.921559989907
136,1254.9175862884836
137,1088.2745944350443
138,937.7888208308437
139,802.9987830807468
140,683.2316843203394
141,577.649477124517
142,485.2930214774022
143,405.1230774911073
144,336.05719281925957
145,277.0018583925836
146,226.87959876758686
147,184.6509232531128
148,149.3312831103951
149,120.00335424083643
150,95.82509292997086
151,76.03409624250445
152,59.94884256312914
153,46.96739706132226
154,36.564147911813464
155,28.285098619347895
156,21.742186302077815
157,16.607031272901196
158,12.604454924523777
159,9.506035039382732
160,7.123903490624712
161,5.304933194436756
162,3.9254105581522096
163,2.8862472267285484
164,2.108750731638034
165,1.5309472930116665
166,1.1044307943897593
167,0.791698917014244
168,0.563929572478791
169,0.39914708654055236
170,0.2807270958677082
171,0.19619095330575673
172,0.13624384680082807
173,0.0940152039256658
174,0.06446478859442552
175,0.043922829391223085
176,0.029737285975291548
177,0.02000578630738008
178,0.013373749892417578
179,0.008883703265853528
180,0.005863786722885739
181,0.0038459670850520054
182,0.002506549211807191
183,0.0016232678361082055
184,0.0010445937104891297
185,0.0006679560764306433
186,0.0004244159322951107
187,0.0002679654040425792
188,0.00016811600137798236
189,0.00010480515661278254
190,6.492314146164585e-05
191,3.996314658964617e-05
192,2.444348367055502e-05
193,1.4856270622901146e-05
194,8.972217186048136e-06
195,5.3843468539758996e-06
196,3.210772652902409e-06
197,1.9025205521529424e-06
198,1.1201919152505567e-06
199,6.553884539937172e-07
200,3.8102056230750375e-07
201,2.2011078181680978e-07
202,1.263506540616066e-07
203,7.20704025330582e-08
204,4.0848835116826114e-08
205,2.300624180842272e-08
206,1.2875228914055587e-08
207,7.159909182623862e-09
208,3.956428697983049e-09
209,2.17241327664794e-09
210,1.185290568086171e-09
211,6.426144456164734e-10
212,3.461939028172119e-10
213,1.853239809968898e-10
214,9.857961147081355e-11
215,5.210577487254725e-11
216,2.7367044010101815e-11
217,1.4282794832085955e-11
218,7.406990372152864e-12
219,3.8169251000518636e-12
220,1.9544689295139222e-12
221,9.944596788521256e-13
222,5.02792582988719e-13
223,2.5260027631333417e-13
224,1.2610202343714295e-13
225,6.255378090504862e-14
226,3.083389216718139e-14
227,1.5102415313758293e-14
228,7.350345345314326e-15
229,3.554776943747649e-15
230,1.708284657337878e-15
231,8.157393290036655e-16
232,3.870667247062268e-16
233,1.825002858676322e-16
234,8.550362666246719e-17
235,3.980602376095079e-17
236,1.8414347529903372e-17
237,8.464613794732716e-18
238,3.866350622148573e-18
239,1.754844338330197e-18
240,7.914422619431674e-19
241,3.546852686013268e-19
242,1.5794662121937557e-19
243,6.989092754798033e-20
244,3.073084794205589e-20
245,1.3426770277094846e-20
246,5.8292388216455574e-21
247,2.5147534573217393e-21
248,1.078008671936853e-21
249,4.591899457941173e-22
250,1.9435949480699676e-22
251,8.174523148039787e-23
252,3.4163500987422116e-23
253,1.4187490595369536e-23
254,5.854530581419012e-24
