0,4.5094939731352633e-10
1,6.044420908733517e-10
2,8.090089135862328e-10
3,1.081243807455401e-09
4,1.4429978325229802e-09
5,1.923000704790276e-09
6,2.5589684247321203e-09
7,3.4003383214104023e-09
8,4.511812590054338e-09
9,5.977941940433462e-09
10,7.909045112551246e-09
11,1.0448841270235713e-08
12,1.3784275035741915e-08
13,1.8158143635585835e-08
14,2.3885299066982033e-08
15,3.137340376768707e-08
16,4.1149476375455625e-08
17,5.389378763302304e-08
18,7.048307114848146e-08
19,9.204551901167151e-08
20,1.2003066206811565e-07
21,1.562980182016062e-07
22,2.0322936501001598e-07
23,2.6387069936029297e-07
24,3.4211143852301485e-07
25,4.4291026033716626e-07
26,5.725792512154837e-07
27,7.391408251828295e-07
28,9.527753084674945e-07
29,1.2263812896015054e-06
30,1.5762759793089394e-06
31,2.02306910518015e-06
32,2.592751519451798e-06
33,3.3180490059772605e-06
34,4.240103070191548e-06
35,5.410554182018095e-06
36,6.8941194883535365e-06
37,8.771776977043203e-06
38,1.1144692116125114e-05
39,1.4139051884521976e-05
40,1.7912005761348542e-05
41,2.2658954713262076e-05
42,2.8622478753249753e-05
43,3.6103252684046575e-05
44,4.5473369861769416e-05
45,5.7192577161906305e-05
46,7.182802304248135e-05
47,9.007823725948147e-05
48,0.0001128021983612604
49,0.00014105450696422298
50,0.00017612787286321567
51,0.00021960434666119433
52,0.00027341698680839207
53,0.00033992395636615186
54,0.00042199739681286286
55,0.000523129835924692
56,0.0006475613611715152
57,0.0008004313380568683
58,0.0009879590842614564
59,0.0012176586362179186
60,0.0014985935768347454
61,0.0018416788446206235
62,0.0022600375297322007
63,0.0027694218969702435
64,0.0033887092761757808
65,0.004140485044709099
66,0.005051726713753929
67,0.006154605140167095
68,0.007487421139538329
69,0.009095698295881048
70,0.011033455571384269
71,0.013364686438688874
72,0.016165074710981747
73,0.019523981054209567
74,0.02354673835240502
75,0.028357298681564194
76,0.034101279647693564
77,0.04094946327569736
78,0.04910180650913096
79,0.05879202870327464
80,0.07029284826651572
81,0.08392194782176134
82,0.10004875490644036
83,0.11910213328286282
84,0.1415790883554648
85,0.16805459894029545
86,0.19919269664318406
87,0.2357589232985544
88,0.2786343062053435
89,0.3288310001549882
90,0.38750975434304197
91,0.4559993710320664
92,0.5358183311064474
93,0.6286987692217701
94,0.736612987868326
95,0.8618027050791045
96,1.0068112344291578
97,1.1745187980801968
98,1.368181173580454
99,1.5914718725686705
100,1.8485280440636167
101,2.144000286237368
102,2.4831065380462807
103,2.8716902053908524
104,3.316282655150878
105,3.8241701840524898
106,4.403465537433605
107,5.063184015165978
108,5.813324157873248
109,6.664952955801178
110,7.630295464943129
111,8.722828650057282
112,9.957379201864235
113,11.350224995905222
114,12.91919977329791
115,14.683800529090826
116,16.6652969923673
117,18.886842474107116
118,21.373585244666092
119,24.15277948333535
120,27.253894718739282
121,30.708722551955088
122,34.551479325526834
123,38.81890327253848
124,43.550344552350666
125,48.78784645543557
126,54.57621594110713
127,60.963081561157175
128,67.99893672196292
129,75.73716615016032
130,84.23405335522884
131,93.54876682914636
132,103.74332269153183
133,114.88252148128664
134,127.03385681552564
135,140.26739368630314
136,154.65561424789757
137,170.27322906460444
138,187.1969519432208
139,205.50523666746636
140,225.27797418484403
141,246.59614907081004
142,269.541454410973
143,294.1958645991634
144,320.6411659467541
145,348.9584454350371
146,379.2275384155024
147,411.52643656954103
148,445.9306579756352
149,482.5125816940671
150,521.3407498613973
151,562.4791408837415
152,605.9864179229952
153,651.9151574772951
154,700.3110634598123
155,751.2121727727927
156,804.6480589520631
157,860.6390410186565
158,919.195405219742
159,980.3166478766283
160,1043.9907480962847
161,1110.1934796673372
162,1178.8877720876317
163,1250.0231314106254
164,1323.5351325253116
165,1399.344995697017
166,1477.359261820185
167,1557.4695830243504
168,1639.5526482137439
169,1723.4702670122942
170,1809.0696406378313
171,1896.1838546307386
172,1984.632636243729
173,2074.223428679156
174,2164.752845073853
175,2256.008576745294
176,2347.7718419259413
177,2439.820471755709
178,2531.9327378464486
179,2623.8920278282853
180,2715.492468859585
181,2806.5455805067945
182,2896.888003698549
183,2986.390297631685
184,3074.9667180306296
185,3162.58578563974
186,3249.2813227804695
187,3335.1634805331614
188,3420.429105539225
189,3505.3706138292423
190,3590.3823644643794
191,3675.9633777834724
192,3762.7151452613957
193,3851.3332564396123
194,3942.5916492698593
195,4037.318496787231
196,4136.363092025908
197,4240.553590819219
198,4350.646110833712
199,4467.266440207443
200,4590.846437455067
201,4721.55804494248
202,4859.248615259619
203,5003.381877593067
204,5111.303109069326
205,5142.85291501087
206,5104.672470434827
207,5007.5927148732235
208,4865.270966305573
209,4692.594778386105
210,4504.082621036676
211,4312.493824336303
212,4127.80879034757
213,3956.6676906282473
214,3802.2776012881836
215,3664.7292087696605
216,3541.615690829263
217,3428.823201989103
218,3321.3638002314224
219,3214.142341897695
220,3102.581086590393
221,2983.061439796614
222,2853.174774834414
223,2711.799337970264
224,2559.0361097324535
225,2396.043544712212
226,2224.811086492331
227,2047.9065816999153
228,1868.2254695376716
229,1688.7617203258342
230,1512.413153042984
231,1341.8276177514965
232,1179.2917846231956
233,1026.6608626961802
234,885.3252741814908
235,756.2089009359737
236,639.7927913677929
237,536.1580055299223
238,445.0414609633371
239,365.8991271246054
240,297.97162186860214
241,240.34811557785554
242,192.0253763381381
243,151.959726434651
244,119.11056731414614
245,92.4749192651037
246,71.11307975016017
247,54.16601215251273
248,40.86543083396705
249,30.5377574930347
250,22.60320591531128
251,16.57123132287644
252,12.033483216800509
253,8.6552530893064
254,6.166234331418729
