0,8.117202368796707e-96
1,6.480844212324316e-95
2,5.125174168104793e-94
3,4.014555934539473e-93
4,3.11471443903184e-92
5,2.3935957063011257e-91
6,1.8219447217729564e-90
7,1.3736352701789637e-89
8,1.0257924749304807e-88
9,7.587512547690693e-88
10,5.558929598059719e-87
11,4.0339895012691215e-86
12,2.899547257895142e-85
13,2.06432207803171e-84
14,1.4557156850729221e-83
15,1.016781190726729e-82
16,7.034452217874481e-82
17,4.820420252715564e-81
18,3.2718347371797335e-80
19,2.199630098561785e-79
20,1.4647374530138308e-78
21,9.660992777842044e-78
22,6.311543307116469e-77
23,4.0841455752699266e-76
24,2.617692923649326e-75
25,1.6618354629020417e-74
26,1.0449829004633175e-73
27,6.508519099028164e-73
28,4.015198508927349e-72
29,2.4534866391501377e-71
30,1.4849513014836976e-70
31,8.90210194627558e-70
32,5.285970727276856e-69
33,3.1089145266623354e-68
34,1.8111092499728137e-67
35,1.0450386512060172e-66
36,5.97271643110179e-66
37,3.3811409603706387e-65
38,1.8958610140895725e-64
39,1.0529349782598076e-63
40,5.792265339186993e-63
41,3.1560740306229704e-62
42,1.7033259119559836e-61
43,9.105423769555766e-61
44,4.8211918146624267e-60
45,2.5284856686350534e-59
46,1.3134647453222585e-58
47,6.758155533510282e-58
48,3.4442112639004526e-57
49,1.7386141947555467e-56
50,8.69297633874073e-56
51,4.305123476724728e-55
52,2.1118086519700608e-54
53,1.0260661387136863e-53
54,4.937964741473826e-53
55,2.3538156805786678e-52
56,1.1113446339721826e-51
57,5.197289399417993e-51
58,2.407447813513135e-50
59,1.1045584469720638e-49
60,5.019637543889585e-49
61,2.2594766350651686e-48
62,1.0073843243781547e-47
63,4.448712710087137e-47
64,1.94592174356886e-46
65,8.430788979569657e-46
66,3.6179528736888423e-45
67,1.5378338994999665e-44
68,6.474523220469304e-44
69,2.699964124541974e-43
70,1.1152186727667774e-42
71,4.5626158989153016e-42
72,1.848926404453634e-41
73,7.421251981786289e-41
74,2.950438519169679e-40
75,1.161843944540004e-39
76,4.531697023439042e-39
77,1.7507565999262626e-38
78,6.699501922585607e-38
79,2.5392829586359826e-37
80,9.53304225903624e-37
81,3.5448982696604675e-36
82,1.3056533062383448e-35
83,4.7632547290976073e-35
84,1.7212009611224125e-34
85,6.160432319752774e-34
86,2.1839497396542986e-33
87,7.668773774927778e-33
88,2.6672335884298726e-32
89,9.188571832158207e-32
90,3.1353556878561524e-31
91,1.0596866317148776e-30
92,3.547479816398466e-30
93,1.176289577291751e-29
94,3.8633175123024423e-29
95,1.2567774934049672e-28
96,4.0495636058647195e-28
97,1.292438518929009e-27
98,4.08567106833482e-27
99,1.279289230028476e-26
100,3.96758213666944e-26
101,1.2188070199035104e-25
102,3.708478843483449e-25
103,1.1176568975222822e-24
104,3.3363610138389784e-24
105,9.864825579875835e-24
106,2.889067056870872e-23
107,8.380649381397713e-23
108,2.407961612331521e-22
109,6.852882489701343e-22
110,1.9317407821559578e-21
111,5.393569141889289e-21
112,1.4916107013567254e-20
113,4.085889042424497e-20
114,1.1085862429595775e-19
115,2.9792314182199374e-19
116,7.930322185872493e-19
117,2.0908807412639886e-18
118,5.460338055457155e-18
119,1.4124127783726494e-17
120,3.6187250191538625e-17
121,9.183354853112632e-17
122,2.3083358016602405e-16
123,5.747095934993718e-16
124,1.4172606992129234e-15
125,3.461807224019831e-15
126,8.375444277836113e-15
127,2.0070799173333417e-14
128,4.764017141065792e-14
129,1.1200406978758595e-13
130,2.6082314644559955e-13
131,6.016034166658339e-13
132,1.3744416161958212e-12
133,3.110241680717823e-12
134,6.971300697031334e-12
135,1.5476948327724377e-11
136,3.4033662483148375e-11
137,7.412827272095923e-11
138,1.5992299400185264e-10
139,3.417352520110955e-10
140,7.233033700483841e-10
141,1.5163624946230014e-09
142,3.148744470334856e-09
143,6.476250511868098e-09
144,1.3193550980560342e-08
145,2.6622669305276064e-08
146,5.3210009167839086e-08
147,1.0533844621277701e-07
148,2.0655338683237023e-07
149,4.011710368927367e-07
150,7.71753592215219e-07
151,1.4705492920291939e-06
152,2.7754432477258378e-06
153,5.1884418574669784e-06
154,9.607123983343799e-06
155,1.761982840948649e-05
156,3.2008239805070653e-05
157,5.759353658586914e-05
158,0.00010264493906692881
159,0.00018119790537975583
160,0.0003168258749261632
161,0.0005487063053783679
162,0.0009412632374975194
163,0.001599315260320758
164,0.002691589984243943
165,0.00448678814849668
166,0.007408223269246051
167,0.01211558529355924
168,0.01962576409384673
169,0.03148912458579159
170,0.05004335734708294
171,0.0787742228812884
172,0.12282129009385112
173,0.18967715208198094
174,0.29014041229781395
175,0.43959552785427536
176,0.65970556159162
177,0.9806157477541739
178,1.4437746740894832
179,2.1054833605228582
180,3.0412774784632335
181,4.35123076352345
182,6.1662343306762315
183,8.655253086989156
184,12.033483209729836
185,16.571231301782284
186,22.603205853782853
187,30.537757317565124
188,40.8654303447065
189,54.16601081871215
190,71.11307619504272
191,92.47491000044667
192,119.11054370843522
193,151.95966762925673
194,192.0252331095893
195,240.34777449934268
196,297.9708277388385
197,365.89731936395066
198,445.03743747515574
199,536.1492501121493
200,639.7741634908164
201,756.1701517849169
202,885.2464656260754
203,1026.5041526331831
204,1178.9871124802596
205,1341.2484812304735
206,1511.336832815174
207,1686.805965568789
208,1864.750911007389
209,2041.8713046354524
210,2214.5614813174816
211,2379.024726322099
212,2531.4071829696595
213,2667.9451604605765
214,2785.1181716740275
215,2879.7991119608746
216,2949.3926806270406
217,2991.953509549739
218,3006.276499367153
219,2991.953509549739
220,2949.3926806270406
221,2879.7991119608746
222,2785.1181716740275
223,2667.9451604605765
224,2531.4071829696595
225,2379.024726322099
226,2214.5614813174816
227,2041.8713046354524
228,1864.750911007389
229,1686.805965568789
230,1511.336832815174
231,1341.2484812304735
232,1178.9871124802596
233,1026.5041526331831
234,885.2464656260754
235,756.1701517849169
236,639.7741634908164
237,536.1492501121493
238,445.03743747515574
239,365.89731936395066
240,297.9708277388385
241,240.34777449934268
242,192.0252331095893
243,151.95966762925673
244,119.11054370843522
245,92.47491000044667
246,71.11307619504272
247,54.16601081871215
248,40.8654303447065
249,30.537757317565124
250,22.603205853782853
251,16.571231301782284
252,12.033483209729836
253,8.655253086989156
254,6.1662343306762315
