300.0,0.0009813467171731602
300.5,0.0010236243032885773
301.0,0.0010675603935222863
301.5,0.0011132124831337632
302.0,0.001160639728589546
302.5,0.0012099029817392228
303.0,0.0012610648241297478
303.5,0.0013141896014318896
304.0,0.001369343457951411
304.5,0.0014265943711963313
305.0,0.0014860121864703096
305.5,0.001547668651460958
306.0,0.0016116374507905442
306.5,0.0016779942404952508
307.0,0.0017468166823978247
307.5,0.0018181844783371093
308.0,0.0018921794042166026
308.5,0.001968885343832818
309.0,0.0020483883224428952
309.5,0.0021307765400294565
310.0,0.0022161404042194523
310.5,0.002304572562812226
311.0,0.0023961679358707752
311.5,0.0024910237473287273
312.0,0.0025892395560642187
312.5,0.002690917286390499
313.0,0.002796161257911698
313.5,0.0029050782146909193
314.0,0.0030177773536763674
314.5,0.003134370352330067
315.0,0.003254971395402251
315.5,0.0033796972007933716
316.0,0.0035086670444443423
316.5,0.0036420027841943853
317.0,0.0037798288825447125
317.5,0.003922272428265071
318.0,0.00406946315677899
318.5,0.004221533469262552
319.0,0.004378618450390377
319.5,0.004540855884661562
320.0,0.004708386271237216
320.5,0.00488135283722047
321.0,0.005059901549308821
321.5,0.005244181123747925
322.0,0.0054343430345151714
322.5,0.0056305415196606645
323.0,0.005832933585732611
323.5,0.006041679010213499
324.0,0.006256940341893074
324.5,0.006478882899103473
325.0,0.006707674765741807
325.5,0.006943486785004937
326.0,0.007186492550761253
326.5,0.00743686839648393
327.0,0.007694793381670364
327.5,0.007960449275672353
328.0,0.008234020538861977
328.5,0.008515694301058214
329.0,0.008805660337139887
329.5,0.009104111039770922
330.0,0.009411241389164505
330.5,0.009727248919813521
331.0,0.010052333684115317
331.5,0.010386698212819992
332.0,0.010730547472232264
332.5,0.011084088818098305
333.0,0.01144753194611013
333.5,0.011821088838961697
334.0,0.012204973709892252
334.5,0.01259940294265435
335.0,0.013004595027845667
335.5,0.013420770495545725
336.0,0.013848151844200796
336.5,0.01428696346570248
337.0,0.014737431566607673
337.5,0.015199784085450519
338.0,0.01567425060609913
338.5,0.01616106226711316
339.0,0.016660451667060757
339.5,0.017172652765757065
340.0,0.017697900781389067
340.5,0.01823643208349557
341.0,0.01878848408177408
341.5,0.019354295110690457
342.0,0.019934104309870665
342.5,0.020528151500258142
343.0,0.021136677056024362
343.5,0.021759921772224144
344.0,0.022398126728192056
344.5,0.02305153314668035
345.0,0.02372038224874378
345.5,0.02440491510438121
346.0,0.02510537247894899
346.5,0.02582199467536595
347.0,0.026555021372135133
347.5,0.027304691457212392
348.0,0.028071242857757653
348.5,0.028854912365809986
349.0,0.029655935459933017
349.5,0.030474546122883202
350.0,0.031310976655359174
350.5,0.03216545748589595
351.0,0.03303821697697415
351.5,0.03392948122742016
352.0,0.03483947387117928
352.5,0.03576841587255006
353.0,0.03671652531797443
353.5,0.03768401720448404
354.0,0.038671103224910186
354.5,0.039677991549970405
355.0,0.040704886607351616
355.5,0.041751988857915916
356.0,0.04281949456916162
356.5,0.04390759558607835
357.0,0.045016479099541755
357.5,0.04614632741239937
358.0,0.047297317703405846
358.5,0.04846962178917203
359.0,0.04966340588429845
359.5,0.05087883035987039
360.0,0.052116049500497356
360.5,0.053375211260086604
361.0,0.05465645701654548
361.5,0.0559599213256141
362.0,0.0572857316740352
362.5,0.058634008232273715
363.0,0.060004863607004584
363.5,0.06139840259359225
364.0,0.06281472192879095
364.5,0.06425391004389984
365.0,0.06571604681861196
365.5,0.06720120333580115
366.0,0.06870944163749507
366.5,0.07024081448228722
367.0,0.07179536510444526
367.5,0.07337312697497606
368.0,0.0749741235649128
368.5,0.07659836811109184
369.0,0.07824586338469097
369.5,0.0799166014628032
370.0,0.08161056350332363
370.5,0.08332771952342823
371.0,0.08506802818192648
371.5,0.08683143656577126
372.0,0.08861787998101076
372.5,0.0904272817484684
373.0,0.09225955300443787
373.5,0.09411459250668071
374.0,0.09599228644601364
374.5,0.09789250826377373
375.0,0.09981511847544763
375.5,0.10175996450075137
376.0,0.10372688050044494
376.5,0.1057156872201654
377.0,0.1077261918415586
377.5,0.1097581878409892
378.0,0.11181145485610378
378.5,0.11388575856052062
379.0,0.11598085054691432
379.5,0.11809646821876081
380.0,0.12023233469100343
380.5,0.12238815869989528
381.0,0.12456363452226946
381.5,0.12675844190448124
382.0,0.12897224600126198
382.5,0.13120469732471685
383.0,0.13345543170369245
383.5,0.13572407025373304
384.0,0.1380102193578359
384.5,0.14031347065820932
385.0,0.1426334010592277
385.5,0.14496957274176936
386.0,0.14732153318911434
386.5,0.14968881522456862
387.0,0.15207093706097302
387.5,0.15446740236224307
388.0,0.156877700317077
388.5,0.15930130572495715
389.0,0.16173767909455924
389.5,0.1641862667546724
390.0,0.16664650097772118
390.5,0.16911780011596764
391.0,0.17159956875046084
391.5,0.17409119785278662
392.0,0.1765920649596586
392.5,0.17910153436037837
393.0,0.1816189572971779
393.5,0.18414367217844574
394.0,0.1866750048048226
394.5,0.18921226860813933
395.0,0.19175476490315566
395.5,0.19430178315204327
396.0,0.19685260124154344
396.5,0.1994064857727133
397.0,0.20196269236316203
397.5,0.20452046596166154
398.0,0.2070790411750033
398.5,0.20963764260695658
399.0,0.21219548520916928
399.5,0.21475177464383846
400.0,0.21730570765796067
400.5,0.2198564724689598
401.0,0.22240324916147433
401.5,0.22494521009507096
402.0,0.22748152032263808
402.5,0.2300113380191975
403.0,0.2325338149208587
403.5,0.23504809677362623
404.0,0.23755332379175692
404.5,0.24004863112534916
405.0,0.242533149336835
405.5,0.24500600488603055
406.0,0.24746632062338889
406.5,0.24991321629108676
407.0,0.2523458090315633
407.5,0.25476321390311896
408.0,0.25716454440216946
408.5,0.2595489129917395
409.0,0.26191543163577036
409.5,0.26426321233880445
410.0,0.26659136769060077
410.5,0.2688990114152256
411.0,0.2711852589241537
411.5,0.2734492278729069
412.0,0.2756900387207493
412.5,0.27790681529295075
413.0,0.28009868534512244
413.5,0.28226478112912506
414.0,0.2844042399600398
414.5,0.28651620478369144
415.0,0.2885998247442056
415.5,0.29065425575107945
416.0,0.29267866104524115
416.5,0.29467221176357056
417.0,0.2966340875013529
417.5,0.29856347687213275
418.0,0.30045957806443824
418.5,0.30232159939484227
419.0,0.30414875985682993
419.5,0.3059402896649412
420.0,0.3076954307936599
420.5,0.3094134375105237
421.0,0.31109357690293005
421.5,0.3127351293981202
422.0,0.3143373892758242
422.5,0.3158996651730591
423.0,0.3174212805805725
423.5,0.31890157433043637
424.0,0.32033990107429816
424.5,0.32173563175180503
425.0,0.3230881540487276
425.5,0.32439687284431423
426.0,0.32566121064742126
426.5,0.326880608020969
427.0,0.32805452399429025
427.5,0.32918243646294315
428.0,0.3302638425755771
428.5,0.33129825910744903
429.0,0.3322852228202028
429.5,0.33322429080753585
430.0,0.33411504082639343
430.5,0.33495707161334204
431.0,0.3357500031857916
431.5,0.3364934771277497
432.0,0.33718715685980594
432.5,0.3378307278930635
433.0,0.3384238980667482
433.5,0.3389663977692445
434.0,0.33945798014232414
434.5,0.3398984212683511
435.0,0.34028752034026366
435.5,0.34062509981415323
436.0,0.340911005544278
436.5,0.34114510690036637
437.0,0.3413272968670875
437.5,0.34145749212558024
438.0,0.34153563311695523
438.5,0.34156168408770254
439.0,0.34153563311695523
439.5,0.34145749212558024
440.0,0.3413272968670875
440.5,0.34114510690036637
441.0,0.340911005544278
441.5,0.34062509981415323
442.0,0.34028752034026366
442.5,0.3398984212683511
443.0,0.33945798014232414
443.5,0.3389663977692445
444.0,0.3384238980667482
444.5,0.3378307278930635
445.0,0.33718715685980594
445.5,0.3364934771277497
446.0,0.3357500031857916
446.5,0.33495707161334204
447.0,0.33411504082639343
447.5,0.33322429080753585
448.0,0.3322852228202028
448.5,0.33129825910744903
449.0,0.3302638425755771
449.5,0.32918243646294315
450.0,0.32805452399429025
450.5,0.326880608020969
451.0,0.32566121064742126
451.5,0.32439687284431423
452.0,0.3230881540487276
452.5,0.32173563175180503
453.0,0.32033990107429816
453.5,0.31890157433043637
454.0,0.3174212805805725
454.5,0.3158996651730591
455.0,0.3143373892758242
455.5,0.3127351293981202
456.0,0.31109357690293005
456.5,0.3094134375105237
457.0,0.3076954307936599
457.5,0.3059402896649412
458.0,0.30414875985682993
458.5,0.30232159939484227
459.0,0.30045957806443824
459.5,0.29856347687213275
460.0,0.2966340875013529
460.5,0.29467221176357056
461.0,0.29267866104524115
461.5,0.29065425575107945
462.0,0.2885998247442056
462.5,0.28651620478369144
463.0,0.2844042399600398
463.5,0.28226478112912506
464.0,0.28009868534512244
464.5,0.27790681529295075
465.0,0.2756900387207493
465.5,0.2734492278729069
466.0,0.2711852589241537
466.5,0.2688990114152256
467.0,0.26659136769060077
467.5,0.26426321233880445
468.0,0.26191543163577036
468.5,0.2595489129917395
469.0,0.25716454440216946
469.5,0.25476321390311896
470.0,0.2523458090315633
470.5,0.24991321629108676
471.0,0.24746632062338889
471.5,0.24500600488603055
472.0,0.242533149336835
472.5,0.24004863112534916
473.0,0.23755332379175692
473.5,0.23504809677362623
474.0,0.2325338149208587
474.5,0.2300113380191975
