300.0,0.3201657909670712
300.5,0.3286288596426827
301.0,0.33739382168949295
301.5,0.3464728699920351
302.0,0.3558786290066708
302.5,0.36562415213518523
303.0,0.3757229152958147
303.5,0.386188805979741
304.0,0.397036106979634
304.5,0.4082794738639886
305.0,0.41993390514621975
305.5,0.4320147039603181
306.0,0.44453742990522016
306.5,0.4575178395581577
307.0,0.4709718139839282
307.5,0.48491527138375934
308.0,0.49936406283667234
308.5,0.5143338488915893
309.0,0.5298399545750183
309.5,0.5458972001939691
310.0,0.5625197051461012
310.5,0.57972066181102
311.0,0.5975120765034434
311.5,0.6159044744397606
312.0,0.6349065657277484
312.5,0.6545248695630821
313.0,0.6747632941391104
313.5,0.6956226702866504
314.0,0.7171002376017586
314.5,0.7391890828391897
315.0,0.7618775316978567
315.5,0.7851484968526558
316.0,0.8089787872416705
316.5,0.8333383862378151
317.0,0.8581897094429509
317.5,0.8834868564403826
318.0,0.9091748748944161
318.5,0.9351890598139269
319.0,0.961454315463308
319.5,0.9878846121017125
320.0,1.014382574173602
320.5,1.040839240389036
321.0,1.0671340388672674
321.5,1.0931350216489593
322.0,1.1186994018451568
322.5,1.143674432920149
323.0,1.1678986625969612
323.5,1.191203583262284
324.0,1.2134156863900112
324.5,1.2343589105687802
325.0,1.2538574517656456
325.5,1.2717388814754853
326.0,1.2878374948182
326.5,1.301997788250892
327.0,1.3140779474016464
327.5,1.323953211695565
328.0,1.3315189758259482
328.5,1.3366934901567478
329.0,1.3394200335552722
329.5,1.3396684527943108
330.0,1.3374359914256857
330.5,1.3327473659142062
331.0,1.3256540851307217
331.5,1.3162330479314515
332.0,1.3045844893561718
332.5,1.2908293761514171
333.0,1.275106374708263
333.5,1.2575685278049928
334.0,1.2383797804220091
334.5,1.2177114899135038
335.0,1.195739043287519
335.5,1.172638686085697
336.0,1.1485846454379247
336.5,1.123746606364136
337.0,1.0982875771648257
337.5,1.0723621582892515
338.0,1.0461152104746536
338.5,1.0196809028519607
339.0,0.9931821103549994
339.5,0.9667301220645371
340.0,0.9404246177370831
340.5,0.9143538682286325
341.0,0.8885951162674602
341.5,0.863215096488216
342.0,0.8382706572777155
342.5,0.813809451332009
343.0,0.789870666496363
343.5,0.7664857731514265
344.0,0.743679268897801
344.5,0.7214694054271384
345.0,0.6998688861607365
345.5,0.6788855264442958
346.0,0.658522870804062
346.5,0.6387807640145917
347.0,0.6196558745381557
347.5,0.6011421703162944
348.0,0.5832313479754803
348.5,0.5659132173018403
349.0,0.5491760433927295
349.5,0.5330068492500243
350.0,0.5173916817808404
350.5,0.5023158442503287
351.0,0.4877640982174734
351.5,0.4737208379027585
352.0,0.46017023980612515
352.5,0.4470963902308381
353.0,0.43448339318638884
353.5,0.42231546095116285
354.0,0.4105769893807285
354.5,0.39925261985572497
355.0,0.3883272895783286
355.5,0.3777862717508193
356.0,0.36761520700550876
356.5,0.35780012730315874
357.0,0.3483274733773626
357.5,0.33918410667512466
358.0,0.3303573166286939
358.5,0.32183482399003066
359.0,0.3136047808664177
359.5,0.30565576801290273
360.0,0.29797678986367926
360.5,0.2905572677193745
361.0,0.2833870314497356
361.5,0.27645631002062887
362.0,0.2697557211098954
362.5,0.2632762600377685
363.0,0.2570092882036567
363.5,0.25094652119156574
364.0,0.24508001668077545
364.5,0.2394021622761407
365.0,0.23390566335314686
365.5,0.22858353099624318
366.0,0.2234290700946881
366.5,0.21843586764786335
367.0,0.2135977813215046
367.5,0.20890892828732183
368.0,0.20436367437084169
368.5,0.1999566235258238
369.0,0.1956826076481275
369.5,0.19153667673729652
370.0,0.18751408941027523
370.5,0.18361030376845766
371.0,0.17982096861661923
371.5,0.17614191503010496
372.0,0.1725691482648831
372.5,0.16909884000365724
373.0,0.16572732093011333
373.5,0.1624510736225141
374.0,0.15926672575720718
374.5,0.1561710436121448
375.0,0.1531609258602018
375.5,0.15023339764189167
376.0,0.1473856049070025
376.5,0.14461480901468468
377.0,0.1419183815816035
377.5,0.13929379956791177
378.0,0.1367386405909847
378.5,0.13425057845708838
379.0,0.13182737890140517
379.5,0.12946689552712026
380.0,0.1271670659345662
380.5,0.12492590803172707
381.0,0.12274151651771867
381.5,0.12061205953117381
382.0,0.11853577545578073
382.5,0.11651096987553627
383.0,0.11453601267258659
383.5,0.11260933526083365
384.0,0.11072942794878489
384.5,0.10889483742541504
385.0,0.10710416436309171
385.5,0.10535606113189151
386.0,0.10364922961989716
386.5,0.10198241915432303
387.0,0.10035442451856136
387.5,0.09876408406047764
388.0,0.09721027788751058
388.5,0.09569192614434872
389.0,0.09420798736916314
389.5,0.0927574569245743
390.0,0.09133936549972003
390.5,0.08995277767997278
391.0,0.08859679058102576
391.5,0.08727053254423214
392.0,0.085973161890237
392.5,0.08470386572809073
393.0,0.08346185881717337
393.5,0.08224638247939393
394.0,0.08105670355925602
394.5,0.07989211342950221
395.0,0.07875192704016523
395.5,0.0776354820089622
396.0,0.07654213775107292
396.5,0.07547127464644052
397.0,0.07442229324282726
397.5,0.07339461349294558
398.0,0.07238767402406969
398.5,0.0714009314386112
399.0,0.07043385964421993
399.5,0.0694859492120401
400.0,0.06855670676182228
400.5,0.06764565437265482
401.0,0.0667523290181394
401.5,0.06587628202489423
402.0,0.06501707855332226
402.5,0.06417429709963482
403.0,0.06334752901816984
403.5,0.06253637806309109
404.0,0.06174045994859922
404.5,0.060959401926827216
405.0,0.060192842382633956
405.5,0.05944043044454572
406.0,0.05870182561113364
406.5,0.057976697392147294
407.0,0.05726472496375857
407.5,0.05656559683729984
408.0,0.05587901054090995
408.5,0.05520467231352948
409.0,0.05454229681071271
409.5,0.05389160682174908
410.0,0.05325233299761024
410.5,0.052624213589262135
411.0,0.05200699419590185
411.5,0.05140042752270069
412.0,0.050804273147652915
412.5,0.050218297297149064
413.0,0.04964227262990984
413.5,0.04907597802893281
414.0,0.048519198401120824
414.5,0.04797172448427509
415.0,0.04743335266115118
415.5,0.0469038847802888
416.0,0.04638312798333987
416.5,0.045870894538631635
417.0,0.0453670016807127
417.5,0.04487127145564201
418.0,0.04438353057179027
418.5,0.04390361025593464
419.0,0.04343134611443591
419.5,0.042966577999297796
420.0,0.0425091498789156
420.5,0.04205890971333058
421.0,0.041615709333814116
421.5,0.041179404326613
422.0,0.040749853920694974
422.5,0.040326920879339936
423.0,0.03991047139542932
423.5,0.03950037499029175
424.0,0.03909650441597009
424.5,0.038698735560779324
425.0,0.03830694735803134
425.5,0.037921021697807436
426.0,0.037540843341663875
426.5,0.037166299840161496
427.0,0.03679728145311391
427.5,0.036433681072453955
428.0,0.03607539414762151
428.5,0.035722318613380245
429.0,0.03537435481997442
429.5,0.03503140546554024
430.0,0.034693375530690254
430.5,0.03436017221519185
431.0,0.034031704876664806
431.5,0.033707884971225115
432.0,0.03338862599600595
432.5,0.03307384343348852
433.0,0.03276345469757903
433.5,0.032457379081369926
434.0,0.0321555377065262
434.5,0.031857853474239896
435.0,0.031564251017698
435.5,0.03127465665601117
436.0,0.030988998349552817
436.5,0.03070720565665963
437.0,0.030429209691647127
437.5,0.030154943084094894
438.0,0.029884339939358524
438.5,0.029617335800266296
439.0,0.029353867609960862
439.5,0.029093873675846958
440.0,0.028837293634608404
440.5,0.02858406841825833
441.0,0.028334140221188346
441.5,0.0280874524681835
442.0,0.027843949783370986
442.5,0.02760357796007203
443.0,0.027366283931527076
443.5,0.02713201574246593
444.0,0.026900722521495238
444.5,0.026672354454276688
445.0,0.02644686275747066
445.5,0.02622419965342026
446.0,0.026004318345552356
446.5,0.02578717299447244
447.0,0.02557271869473132
447.5,0.025360911452242285
448.0,0.025151708162328205
448.5,0.02494506658837867
449.0,0.024740945341098004
449.5,0.02453930385832581
450.0,0.024340102385411948
450.5,0.024143301956128998
451.0,0.023948864374105365
451.5,0.0237567521947631
452.0,0.02356692870774489
452.5,0.02337935791981518
453.0,0.0231940045382211
453.5,0.023010833954499058
454.0,0.022829812228713664
454.5,0.022650906074115747
455.0,0.022474082842207095
455.5,0.022299310508199444
456.0,0.02212655765685623
456.5,0.02195579346870549
457.0,0.021786987706612984
457.5,0.02162011070270496
458.0,0.02145513334563011
458.5,0.021292027068150907
459.0,0.021130763835054585
459.5,0.020971316131374516
460.0,0.020813656950912893
460.5,0.02065775978505608
461.0,0.020503598611874094
461.5,0.020351147885496097
462.0,0.020200382525754013
462.5,0.020051277908086557
463.0,0.019903809853696233
463.5,0.019757954619952275
464.0,0.01961368889103238
464.5,0.019470989768796652
465.0,0.019329834763887135
465.5,0.019190201787046685
466.0,0.019052069140651037
466.5,0.018915415510448126
467.0,0.018780219957498942
467.5,0.018646461910314254
468.0,0.018514121157182036
468.5,0.018383177838680063
469.0,0.018253612440368838
469.5,0.018125405785659836
470.0,0.017998539028854288
470.5,0.01787299364834795
471.0,0.017748751439997292
471.5,0.017625794510642827
472.0,0.01750410527178531
472.5,0.017383666433410765
473.0,0.017264460997960362
473.5,0.017146472254441214
474.0,0.017029683772674494
474.5,0.016914079397677122
