24.0,0.00029679385717962665
24.01,0.00030199364361295755
24.020000000000003,0.0003073306284749946
24.030000000000005,0.000312809657299221
24.040000000000006,0.00031843579033596393
24.050000000000008,0.00032421431401034005
24.06000000000001,0.0003301507530958827
24.07000000000001,0.0003362508836550903
24.080000000000013,0.00034252074680227255
24.090000000000014,0.00034896666334858513
24.100000000000016,0.0003555952493940589
24.110000000000017,0.00036241343293679705
24.12000000000002,0.00036942847157538143
24.13000000000002,0.0003766479713869357
24.140000000000022,0.0003840799070703005
24.150000000000023,0.0003917326434514552
24.160000000000025,0.0003996149584567189
24.170000000000027,0.0004077360676684838
24.180000000000028,0.0004161056505883401
24.19000000000003,0.0004247338787435528
24.20000000000003,0.00043363144578504643
24.210000000000033,0.0004428095997384704
24.220000000000034,0.0004522801775846758
24.230000000000036,0.00046205564236220315
24.240000000000038,0.0004721491230023037
24.25000000000004,0.00048257445712680244
24.26000000000004,0.0004933462370609601
24.270000000000042,0.000504479859337635
24.280000000000044,0.0005159915779957638
24.290000000000045,0.0005278985620057648
24.300000000000047,0.0005402189571872439
24.31000000000005,0.0005529719530207638
24.32000000000005,0.0005661778547958091
24.33000000000005,0.0005798581615819678
24.340000000000053,0.0005940356505602745
24.350000000000055,0.000608734468307252
24.360000000000056,0.0006239802296861581
24.370000000000058,0.0006398001250690786
24.38000000000006,0.0006562230366907066
24.39000000000006,0.0006732796650209724
24.400000000000063,0.0006910026661402569
24.410000000000064,0.0007094268012091201
24.420000000000066,0.0007285890992457781
24.430000000000067,0.0007485290345607217
24.44000000000007,0.0007692887203508562
24.45000000000007,0.0007909131201276067
24.460000000000072,0.0008134502788471422
24.470000000000073,0.0008369515758292069
24.480000000000075,0.0008614720017973288
24.490000000000077,0.0008870704626513091
24.500000000000078,0.0009138101128972912
24.51000000000008,0.00094175872201641
24.52000000000008,0.0009709890774558892
24.530000000000083,0.0010015794283831064
24.540000000000084,0.0010336139748612335
24.550000000000086,0.0010671834076933595
24.560000000000088,0.0011023855048504863
24.57000000000009,0.0011393257911589984
24.58000000000009,0.001178118268788209
24.590000000000092,0.0012188862270633648
24.600000000000094,0.0012617631412511236
24.610000000000095,0.0013068936712423392
24.620000000000097,0.0013544347725128849
24.6300000000001,0.001404556933401943
24.6400000000001,0.0014574455546361614
24.6500000000001,0.0015133024891780197
24.660000000000103,0.001572347762921083
24.670000000000105,0.0016348214995298728
24.680000000000106,0.0017009860758660138
24.690000000000108,0.0017711285379943499
24.70000000000011,0.0018455633117609948
24.71000000000011,0.0019246352464138124
24.720000000000113,0.0020087230347199205
24.730000000000114,0.0020982430585337226
24.740000000000116,0.0021936537147655487
24.750000000000117,0.002295460283136048
24.76000000000012,0.0024042204038514777
24.77000000000012,0.0025205502401794084
24.780000000000122,0.002645131407479637
24.790000000000123,0.0027787187559779277
24.800000000000125,0.002922149098584451
24.810000000000127,0.0030763509760419285
24.820000000000128,0.0032423555477059055
24.83000000000013,0.003421308684493235
24.84000000000013,0.003614484316920642
24.850000000000133,0.0038232990498824593
24.860000000000134,0.004049327988643575
24.870000000000136,0.00429432161585351
24.880000000000138,0.004560223401043313
24.89000000000014,0.004849187589702848
24.90000000000014,0.005163596278155408
24.910000000000142,0.005506074392061013
24.920000000000144,0.005879500496514822
24.930000000000145,0.0062870104052895615
24.940000000000147,0.006731989241051665
24.95000000000015,0.007218045830162055
24.96000000000015,0.007748960996456047
24.97000000000015,0.00832859837450708
24.980000000000153,0.008960762797824534
24.990000000000155,0.009648987307010989
25.000000000000156,0.010396225874064946
25.010000000000158,0.011204426132415747
25.02000000000016,0.01207395672020063
25.03000000000016,0.013002870529379023
25.040000000000163,0.0139860029174667
25.050000000000164,0.015013938617924164
25.060000000000166,0.016071938037162923
25.070000000000167,0.017138993977147018
25.08000000000017,0.0181872840775797
25.09000000000017,0.019182364612122024
25.100000000000172,0.020084467645046438
25.110000000000174,0.02085115303676305
25.120000000000175,0.021441285397970987
25.130000000000177,0.02181987908754747
25.140000000000178,0.021962914227324402
25.15000000000018,0.02186098862667086
25.16000000000018,0.021520820732693374
25.170000000000183,0.020964171527903603
25.180000000000184,0.020224496814004653
25.190000000000186,0.019342246597233197
25.200000000000188,0.01835995177871857
25.21000000000019,0.01731805578729464
25.22000000000019,0.0162520266413295
25.230000000000192,0.015190843370832622
25.240000000000194,0.014156640340245448
25.250000000000195,0.013165155532281226
25.260000000000197,0.012226628243300836
25.2700000000002,0.011346865270909499
25.2800000000002,0.010528289134655266
25.2900000000002,0.009770865639999399
25.300000000000203,0.009072869113408316
25.310000000000205,0.008431481752633653
25.320000000000206,0.007843243729000934
25.330000000000208,0.007304378862901943
25.34000000000021,0.0068110218193835025
25.35000000000021,0.006359370322224451
25.360000000000213,0.005945782032873931
25.370000000000214,0.005566831692892428
25.380000000000216,0.005219340469353742
25.390000000000217,0.0049003863904887035
25.40000000000022,0.0046073023381268076
25.41000000000022,0.004337666208964642
25.420000000000222,0.004089286471668807
25.430000000000224,0.0038601853328052065
25.440000000000225,0.0036485809943485477
25.450000000000227,0.003452869967319265
25.46000000000023,0.003271610043523623
25.47000000000023,0.003103504277430061
25.48000000000023,0.0029473861608062227
25.490000000000233,0.002802206060295372
25.500000000000234,0.0026670189155320804
25.510000000000236,0.0025409731504106095
25.520000000000238,0.002423300723989836
25.53000000000024,0.002313308234078651
25.54000000000024,0.0022103689814763038
25.550000000000242,0.0021139159031434845
25.560000000000244,0.0020234352861890938
25.570000000000245,0.001938461180071951
25.580000000000247,0.001858570430896957
25.59000000000025,0.0017833782685144494
25.60000000000025,0.001712534383916143
25.61000000000025,0.0016457194409200578
25.620000000000253,0.0015826419722130233
25.630000000000255,0.0015230356154043326
25.640000000000256,0.001466656649815021
25.650000000000258,0.0014132817992896216
25.66000000000026,0.001362706270394362
25.67000000000026,0.001314741998990464
25.680000000000263,0.0012692160813812829
25.690000000000264,0.0012259693690665555
25.700000000000266,0.001184855208634587
25.710000000000267,0.001145738310520381
25.72000000000027,0.001108493732288497
25.73000000000027,0.0010730059637949632
25.740000000000272,0.001039168103070874
25.750000000000274,0.001006881113076565
25.760000000000275,0.0009760531506218246
25.770000000000277,0.0009465989597541972
25.78000000000028,0.0009184393228015762
25.79000000000028,0.0008915005630321732
25.80000000000028,0.0008657140935780847
25.810000000000283,0.0008410160078697658
25.820000000000285,0.0008173467073579957
25.830000000000286,0.0007946505627663914
25.840000000000288,0.0007728756055289643
25.85000000000029,0.0007519732464304449
25.86000000000029,0.0007318980187881026
25.870000000000292,0.0007126073437977006
25.880000000000294,0.0006940613159176017
25.890000000000295,0.0006762225063878483
25.900000000000297,0.000659055783178671
25.9100000000003,0.0006425281458384281
25.9200000000003,0.0006266085738670003
25.9300000000003,0.0006112678873795226
25.940000000000303,0.0005964786189490241
25.950000000000305,0.0005822148956268365
25.960000000000306,0.0005684523302380636
25.970000000000308,0.0005551679211373812
25.98000000000031,0.0005423399596890846
25.99000000000031,0.0005299479448057454
26.000000000000313,0.0005179725039429473
26.010000000000314,0.0005063953200041906
26.020000000000316,0.0004951990636608928
26.030000000000317,0.0004843673306381081
26.04000000000032,0.00047388458355768475
26.05000000000032,0.0004637360979676065
26.060000000000322,0.00045390791221961563
26.070000000000324,0.0004443867808873204
26.080000000000325,0.00043516013144416114
26.090000000000327,0.0004262160239451733
26.10000000000033,0.0004175431134787069
26.11000000000033,0.0004091306151743714
26.12000000000033,0.0004009682715717078
26.130000000000333,0.00039304632217061997
26.140000000000335,0.00038535547499960073
26.150000000000336,0.00037788688005142233
26.160000000000338,0.00037063210444835326
26.17000000000034,0.0003635831092102392
26.18000000000034,0.00035673222750905853
26.190000000000342,0.00035007214430291927
26.200000000000344,0.0003435958772510019
26.210000000000345,0.00033729675881874455
26.220000000000347,0.00033116841948968177
26.23000000000035,0.00032520477200686024
26.24000000000035,0.0003193999965726976
26.25000000000035,0.00031374852694160914
26.260000000000353,0.0003082450373447099
26.270000000000355,0.0003028844301904845
26.280000000000356,0.00029766182448950657
26.290000000000358,0.00029257254495515035
26.30000000000036,0.0002876121117357756
26.31000000000036,0.0002827762307371184
26.320000000000363,0.0002780607844966197
26.330000000000364,0.0002734618235741752
26.340000000000366,0.00026897555842632847
26.350000000000367,0.00026459835173327055
26.36000000000037,0.00026032671115016416
26.37000000000037,0.00025615728245630197
26.380000000000372,0.0002520868430774461
26.390000000000374,0.00024811229595839433
26.400000000000375,0.00024423066376438694
26.410000000000377,0.00024043908339142168
26.42000000000038,0.0002367348007668847
26.43000000000038,0.00023311516592315433
26.44000000000038,0.00022957762832798105
26.450000000000383,0.00022611973245652097
26.460000000000385,0.0002227391135908885
26.470000000000386,0.0002194334938340135
26.480000000000388,0.00021620067832544277
26.49000000000039,0.00021303855164752012
26.50000000000039,0.00020994507441111403
26.510000000000392,0.0002069182800107495
26.520000000000394,0.00020395627153963923
26.530000000000395,0.0002010572188557002
26.540000000000397,0.00019821935579019832
26.5500000000004,0.0001954409774911762
26.5600000000004,0.0001927204378943021
26.5700000000004,0.00019005614731422305
26.580000000000403,0.00018744657014992637
26.590000000000405,0.00018489022269800172
26.600000000000406,0.00018238567106806152
26.610000000000408,0.00017993152919491682
26.62000000000041,0.00017752645694242642
26.63000000000041,0.00017516915829423143
26.640000000000413,0.0001728583796268684
26.650000000000414,0.0001705929080610143
26.660000000000416,0.00016837156988685998
26.670000000000417,0.0001661932290598372
26.68000000000042,0.00016405678576314071
26.69000000000042,0.0001619611750336845
26.700000000000422,0.00015990536544832217
26.710000000000424,0.00015788835786733696
26.720000000000425,0.0001559091842323737
26.730000000000427,0.00015396690641613937
26.74000000000043,0.00015206061512134663
26.75000000000043,0.00015018942882651177
26.76000000000043,0.00014835249277634718
26.770000000000433,0.0001465489780146106
26.780000000000435,0.00014477808045738801
26.790000000000436,0.00014303902000489368
26.800000000000438,0.0001413310396899729
26.81000000000044,0.00013965340486158824
26.82000000000044,0.00013800540240166016
26.830000000000442,0.0001363863399737165
26.840000000000444,0.00013479554530188684
26.850000000000446,0.00013323236547885194
26.860000000000447,0.00013169616630142938
26.87000000000045,0.00013018633163254412
26.88000000000045,0.00012870226278839599
26.89000000000045,0.0001272433779496951
26.900000000000453,0.0001258091115958934
26.910000000000455,0.0001243989139613936
26.920000000000456,0.0001230122505127672
26.930000000000458,0.00012164860144606005
26.94000000000046,0.00012030746120331161
26.95000000000046,0.00011898833800745272
26.960000000000463,0.00011769075341479056
26.970000000000464,0.00011641424188432613
26.980000000000466,0.00011515835036318525
26.990000000000467,0.00011392263788747972
