24.0,0.4037567938571796
24.01,0.4037619936436129
24.020000000000003,0.403767330628475
24.030000000000005,0.4037728096572992
24.040000000000006,0.40377843579033595
24.050000000000008,0.40378421431401035
24.06000000000001,0.4037901507530959
24.07000000000001,0.40379625088365506
24.080000000000013,0.4038025207468023
24.090000000000014,0.4038089666633486
24.100000000000016,0.40381559524939403
24.110000000000017,0.4038224134329368
24.12000000000002,0.4038294284715754
24.13000000000002,0.4038366479713869
24.140000000000022,0.4038440799070703
24.150000000000023,0.4038517326434514
24.160000000000025,0.4038596149584567
24.170000000000027,0.40386773606766846
24.180000000000028,0.40387610565058835
24.19000000000003,0.4038847338787435
24.20000000000003,0.40389363144578505
24.210000000000033,0.40390280959973845
24.220000000000034,0.4039122801775847
24.230000000000036,0.40392205564236217
24.240000000000038,0.4039321491230023
24.25000000000004,0.4039425744571268
24.26000000000004,0.403953346237061
24.270000000000042,0.40396447985933764
24.280000000000044,0.40397599157799574
24.290000000000045,0.40398789856200573
24.300000000000047,0.40400021895718724
24.31000000000005,0.40401297195302077
24.32000000000005,0.4040261778547958
24.33000000000005,0.40403985816158194
24.340000000000053,0.40405403565056025
24.350000000000055,0.4040687344683072
24.360000000000056,0.40408398022968617
24.370000000000058,0.4040998001250691
24.38000000000006,0.4041162230366907
24.39000000000006,0.40413327966502094
24.400000000000063,0.40415100266614024
24.410000000000064,0.4041694268012091
24.420000000000066,0.40418858909924577
24.430000000000067,0.4042085290345607
24.44000000000007,0.40422928872035085
24.45000000000007,0.4042509131201276
24.460000000000072,0.40427345027884715
24.470000000000073,0.4042969515758292
24.480000000000075,0.4043214720017973
24.490000000000077,0.4043470704626513
24.500000000000078,0.4043738101128973
24.51000000000008,0.4044017587220164
24.52000000000008,0.4044309890774559
24.530000000000083,0.40446157942838307
24.540000000000084,0.4044936139748612
24.550000000000086,0.40452718340769334
24.560000000000088,0.40456238550485046
24.57000000000009,0.404599325791159
24.58000000000009,0.4046381182687882
24.590000000000092,0.40467888622706333
24.600000000000094,0.40472176314125113
24.610000000000095,0.4047668936712423
24.620000000000097,0.4048144347725129
24.6300000000001,0.40486455693340195
24.6400000000001,0.40491744555463616
24.6500000000001,0.404973302489178
24.660000000000103,0.4050323477629211
24.670000000000105,0.40509482149952986
24.680000000000106,0.405160986075866
24.690000000000108,0.4052311285379943
24.70000000000011,0.405305563311761
24.71000000000011,0.40538463524641377
24.720000000000113,0.4054687230347199
24.730000000000114,0.4055582430585337
24.740000000000116,0.4056536537147655
24.750000000000117,0.405755460283136
24.76000000000012,0.40586422040385145
24.77000000000012,0.40598055024017937
24.780000000000122,0.4061051314074796
24.790000000000123,0.4062387187559779
24.800000000000125,0.40638214909858444
24.810000000000127,0.4065363509760419
24.820000000000128,0.4067023555477059
24.83000000000013,0.40688130868449324
24.84000000000013,0.4070744843169206
24.850000000000133,0.4072832990498824
24.860000000000134,0.4075093279886436
24.870000000000136,0.4077543216158535
24.880000000000138,0.4080202234010433
24.89000000000014,0.40830918758970286
24.90000000000014,0.40862359627815537
24.910000000000142,0.408966074392061
24.920000000000144,0.4093395004965148
24.930000000000145,0.40974701040528955
24.940000000000147,0.41019198924105166
24.95000000000015,0.41067804583016204
24.96000000000015,0.41120896099645604
24.97000000000015,0.41178859837450704
24.980000000000153,0.4124207627978245
24.990000000000155,0.41310898730701096
25.000000000000156,0.41385622587406495
25.010000000000158,0.4146644261324157
25.02000000000016,0.4155339567202006
25.03000000000016,0.416462870529379
25.040000000000163,0.4174460029174667
25.050000000000164,0.41847393861792415
25.060000000000166,0.41953193803716293
25.070000000000167,0.420598993977147
25.08000000000017,0.4216472840775797
25.09000000000017,0.422642364612122
25.100000000000172,0.42354446764504644
25.110000000000174,0.42431115303676303
25.120000000000175,0.42490128539797095
25.130000000000177,0.42527987908754744
25.140000000000178,0.42542291422732437
25.15000000000018,0.42532098862667084
25.16000000000018,0.4249808207326934
25.170000000000183,0.42442417152790357
25.180000000000184,0.42368449681400466
25.190000000000186,0.4228022465972332
25.200000000000188,0.42181995177871856
25.21000000000019,0.4207780557872946
25.22000000000019,0.4197120266413295
25.230000000000192,0.4186508433708326
25.240000000000194,0.4176166403402454
25.250000000000195,0.4166251555322812
25.260000000000197,0.4156866282433008
25.2700000000002,0.4148068652709095
25.2800000000002,0.41398828913465524
25.2900000000002,0.4132308656399994
25.300000000000203,0.4125328691134083
25.310000000000205,0.4118914817526336
25.320000000000206,0.4113032437290009
25.330000000000208,0.4107643788629019
25.34000000000021,0.41027102181938346
25.35000000000021,0.40981937032222443
25.360000000000213,0.4094057820328739
25.370000000000214,0.4090268316928924
25.380000000000216,0.4086793404693537
25.390000000000217,0.40836038639048866
25.40000000000022,0.40806730233812677
25.41000000000022,0.4077976662089646
25.420000000000222,0.40754928647166877
25.430000000000224,0.4073201853328052
25.440000000000225,0.40710858099434855
25.450000000000227,0.40691286996731924
25.46000000000023,0.4067316100435236
25.47000000000023,0.40656350427743004
25.48000000000023,0.4064073861608062
25.490000000000233,0.40626220606029534
25.500000000000234,0.40612701891553205
25.510000000000236,0.4060009731504106
25.520000000000238,0.4058833007239898
25.53000000000024,0.40577330823407864
25.54000000000024,0.4056703689814763
25.550000000000242,0.40557391590314346
25.560000000000244,0.4054834352861891
25.570000000000245,0.40539846118007195
25.580000000000247,0.4053185704308969
25.59000000000025,0.4052433782685144
25.60000000000025,0.40517253438391615
25.61000000000025,0.40510571944092005
25.620000000000253,0.405042641972213
25.630000000000255,0.40498303561540433
25.640000000000256,0.40492665664981503
25.650000000000258,0.4048732817992896
25.66000000000026,0.40482270627039435
25.67000000000026,0.40477474199899044
25.680000000000263,0.4047292160813813
25.690000000000264,0.40468596936906653
25.700000000000266,0.4046448552086346
25.710000000000267,0.4046057383105204
25.72000000000027,0.4045684937322885
25.73000000000027,0.40453300596379493
25.740000000000272,0.40449916810307085
25.750000000000274,0.40446688111307655
25.760000000000275,0.4044360531506218
25.770000000000277,0.40440659895975417
25.78000000000028,0.40437843932280154
25.79000000000028,0.40435150056303215
25.80000000000028,0.4043257140935781
25.810000000000283,0.4043010160078698
25.820000000000285,0.404277346707358
25.830000000000286,0.4042546505627664
25.840000000000288,0.40423287560552895
25.85000000000029,0.40421197324643043
25.86000000000029,0.4041918980187881
25.870000000000292,0.4041726073437977
25.880000000000294,0.4041540613159176
25.890000000000295,0.4041362225063878
25.900000000000297,0.40411905578317864
25.9100000000003,0.4041025281458384
25.9200000000003,0.40408660857386697
25.9300000000003,0.4040712678873795
25.940000000000303,0.404056478618949
25.950000000000305,0.4040422148956268
25.960000000000306,0.40402845233023804
25.970000000000308,0.40401516792113734
25.98000000000031,0.4040023399596891
25.99000000000031,0.40398994794480575
26.000000000000313,0.4039779725039429
26.010000000000314,0.40396639532000417
26.020000000000316,0.4039551990636609
26.030000000000317,0.4039443673306381
26.04000000000032,0.40393388458355767
26.05000000000032,0.4039237360979676
26.060000000000322,0.4039139079122196
26.070000000000324,0.4039043867808873
26.080000000000325,0.40389516013144416
26.090000000000327,0.40388621602394514
26.10000000000033,0.4038775431134787
26.11000000000033,0.4038691306151744
26.12000000000033,0.4038609682715717
26.130000000000333,0.4038530463221706
26.140000000000335,0.4038453554749996
26.150000000000336,0.4038378868800514
26.160000000000338,0.40383063210444836
26.17000000000034,0.40382358310921024
26.18000000000034,0.403816732227509
26.190000000000342,0.4038100721443029
26.200000000000344,0.403803595877251
26.210000000000345,0.4037972967588187
26.220000000000347,0.40379116841948964
26.23000000000035,0.40378520477200686
26.24000000000035,0.4037793999965727
26.25000000000035,0.4037737485269416
26.260000000000353,0.4037682450373447
26.270000000000355,0.4037628844301905
26.280000000000356,0.40375766182448947
26.290000000000358,0.4037525725449551
26.30000000000036,0.40374761211173577
26.31000000000036,0.4037427762307371
26.320000000000363,0.4037380607844966
26.330000000000364,0.40373346182357417
26.340000000000366,0.4037289755584263
26.350000000000367,0.40372459835173324
26.36000000000037,0.40372032671115016
26.37000000000037,0.4037161572824563
26.380000000000372,0.4037120868430774
26.390000000000374,0.4037081122959584
26.400000000000375,0.4037042306637644
26.410000000000377,0.4037004390833914
26.42000000000038,0.40369673480076684
26.43000000000038,0.40369311516592316
26.44000000000038,0.40368957762832797
26.450000000000383,0.4036861197324565
26.460000000000385,0.40368273911359087
26.470000000000386,0.403679433493834
26.480000000000388,0.40367620067832544
26.49000000000039,0.4036730385516475
26.50000000000039,0.4036699450744111
26.510000000000392,0.4036669182800107
26.520000000000394,0.4036639562715396
26.530000000000395,0.4036610572188557
26.540000000000397,0.40365821935579016
26.5500000000004,0.4036554409774912
26.5600000000004,0.4036527204378943
26.5700000000004,0.4036500561473142
26.580000000000403,0.4036474465701499
26.590000000000405,0.403644890222698
26.600000000000406,0.403642385671068
26.610000000000408,0.4036399315291949
26.62000000000041,0.4036375264569424
26.63000000000041,0.4036351691582942
26.640000000000413,0.40363285837962687
26.650000000000414,0.403630592908061
26.660000000000416,0.40362837156988685
26.670000000000417,0.40362619322905985
26.68000000000042,0.40362405678576313
26.69000000000042,0.4036219611750337
26.700000000000422,0.4036199053654483
26.710000000000424,0.4036178883578673
26.720000000000425,0.40361590918423235
26.730000000000427,0.4036139669064161
26.74000000000043,0.40361206061512134
26.75000000000043,0.4036101894288265
26.76000000000043,0.4036083524927763
26.770000000000433,0.4036065489780146
26.780000000000435,0.40360477808045736
26.790000000000436,0.4036030390200049
26.800000000000438,0.40360133103969
26.81000000000044,0.4035996534048616
26.82000000000044,0.40359800540240165
26.830000000000442,0.4035963863399737
26.840000000000444,0.40359479554530187
26.850000000000446,0.40359323236547884
26.860000000000447,0.4035916961663014
26.87000000000045,0.4035901863316325
26.88000000000045,0.40358870226278837
26.89000000000045,0.40358724337794966
26.900000000000453,0.40358580911159586
26.910000000000455,0.40358439891396136
26.920000000000456,0.40358301225051274
26.930000000000458,0.403581648601446
26.94000000000046,0.40358030746120327
26.95000000000046,0.4035789883380074
26.960000000000463,0.40357769075341476
26.970000000000464,0.4035764142418843
26.980000000000466,0.4035751583503632
26.990000000000467,0.40357392263788744
