300.0,0.0005914606505364923
300.5,0.000638912983851943
301.0,0.0006900136352895189
301.5,0.0007450299534828452
302.0,0.0008042478270723676
302.5,0.0008679728894737469
303.0,0.0009365317959497672
303.5,0.0010102735769008263
304.0,0.001089571071472189
304.5,0.0011748224457660615
305.0,0.001266452800143124
305.5,0.0013649158703017686
306.0,0.0014706958270337906
306.5,0.0015843091797729464
307.0,0.0017063067892777197
307.5,0.0018372759950217076
308.0,0.0019778428631045874
308.5,0.002128674560743439
309.0,0.002290481863658618
309.5,0.0024640218029300556
310.0,0.0026501004581691756
310.5,0.002849575904128345
311.0,0.0030633613181538376
311.5,0.003292428256179996
312.0,0.003537810105260992
312.5,0.0038006057209427836
313.0,0.004081983258091111
313.5,0.004383184204111443
314.0,0.004705527623824077
314.5,0.005050414625590977
315.0,0.005419333058631166
315.5,0.005813862451807614
316.0,0.006235679204520666
316.5,0.006686562040700454
317.0,0.007168397737253805
317.5,0.007683187138688293
318.0,0.008233051470008152
318.5,0.008820238960352321
319.0,0.00944713179022386
319.5,0.010116253375541808
320.0,0.010830276002129997
320.5,0.011592028824643202
321.0,0.012404506244316339
321.5,0.013270876680308791
322.0,0.014194491749800723
322.5,0.015178895872381642
323.0,0.01622783631465188
323.5,0.01734527369133459
324.0,0.018535392939567765
324.5,0.01980261478341193
325.0,0.021151607705968134
325.5,0.022587300446851654
326.0,0.024114895043107005
326.5,0.025739880431980958
327.0,0.027468046634286248
327.5,0.029305499537392542
328.0,0.031258676297168525
328.5,0.03333436137846908
329.0,0.03553970325401267
329.5,0.03788223178172375
330.0,0.04036987628082297
330.5,0.04301098432712959
331.0,0.04581434128819703
331.5,0.048789190619028595
332.0,0.051945254939216576
332.5,0.05529275791241005
333.0,0.058842446949043455
333.5,0.06260561675324697
334.0,0.06659413373480766
334.5,0.07082046130695605
335.0,0.07529768609061185
335.5,0.08003954504553655
336.0,0.0850604535485973
336.5,0.09037553443905863
337.0,0.0960006480504663
337.5,0.10195242324828134
338.0,0.10824828949195163
338.5,0.11490650993957431
339.0,0.12194621561269943
339.5,0.12938744063815272
340.0,0.13725115858300796
340.5,0.1455593198980188
341.0,0.154334890483913
341.5,0.1636018913939727
342.0,0.17338543968524894
342.5,0.1837117904296062
343.0,0.19460837989453625
343.5,0.20610386990234505
344.0,0.21822819337487043
344.5,0.2310126010693547
345.0,0.24448970950945048
345.5,0.2586935501135948
346.0,0.273659619521138
346.5,0.28942493111464446
347.0,0.30602806773471525
347.5,0.3235092355814984
348.0,0.3419103192947399
348.5,0.36127493820182593
349.0,0.3816485037207122
349.5,0.4030782779019892
350.0,0.42561343309155386
350.5,0.4493051126924427
351.0,0.4742064930013793
351.5,0.5003728460924147
352.0,0.5278616037167939
352.5,0.556732422184761
353.0,0.5870472481915142
353.5,0.6188703855458761
354.0,0.6522685627564677
354.5,0.687311001426319
355.0,0.7240694854028079
355.5,0.7626184306257404
356.0,0.8030349556121198
356.5,0.8453989525118183
357.0,0.889793158663925
357.5,0.9363032285789561
358.0,0.9850178062674919
358.5,1.0360285978310144
359.0,1.0894304442259102
359.5,1.14532139410665
360.0,1.2038027766491473
360.5,1.2649792742502426
361.0,1.328958994994088
361.5,1.3958535447709983
362.0,1.4657780989291163
362.5,1.5388514733339096
363.0,1.615196194705186
363.5,1.6949385700960071
364.0,1.7782087553724624
364.5,1.8651408225479489
365.0,1.9558728258202012
365.5,2.0505468661540407
366.0,2.1493091542474563
366.5,2.2523100717134303
367.0,2.3597042303046742
367.5,2.471650529003386
368.0,2.588312208793067
368.5,2.709856904924523
369.0,2.8364566964833866
369.5,2.9682881530617817
370.0,3.1055323783323048
370.5,3.2483750503180717
371.0,3.397006458148453
371.5,3.551621535086153
372.0,3.7124198876075285
372.5,3.879605820314554
373.0,4.0533883564535715
373.5,4.233981253813032
374.0,4.42160301576965
374.5,4.616476897250194
375.0,4.818830905373928
375.5,5.0288977945391355
376.0,5.2469150557158235
376.5,5.473124899705758
377.0,5.7077742341304765
377.5,5.951114633907854
378.0,6.203402304978107
378.5,6.464898041040999
379.0,6.735867173067256
379.5,7.016579511349067
380.0,7.307309279856791
380.5,7.6083350426719445
381.0,7.919939622269834
381.5,8.242410009429324
382.0,8.576037264551621
382.5,8.921116410175266
383.0,9.277946314480163
383.5,9.646829565580015
384.0,10.02807233640935
384.5,10.421984240019217
385.0,10.828878175103846
385.5,11.249070161589502
386.0,11.682879166126561
386.5,12.130626917336121
387.0,12.592637710673387
387.5,13.06923820278201
388.0,13.560757195225658
388.5,14.067525407496491
389.0,14.589875239213695
389.5,15.128140521439974
390.0,15.682656257058728
390.5,16.253758350170738
391.0,16.84178332448549
391.5,17.447068030699356
392.0,18.069949342870785
392.5,18.710763843820967
393.0,19.36984749960731
393.5,20.04753532313692
394.0,20.74416102700733
394.5,21.460056665682323
395.0,22.195552267132214
395.5,22.950975454089537
396.0,23.726651055093306
396.5,24.5229007055178
397.0,25.340042438804883
397.5,26.17839026814215
398.0,27.038253758853326
398.5,27.919937591791175
399.0,28.823741118047554
399.5,29.749957905320066
400.0,30.69887527629915
400.5,31.67077383946469
401.0,32.665927012705886
401.5,33.68460054020333
402.0,34.72705200303698
402.5,35.79353032400898
403.0,36.88427526719442
403.5,37.99951693275837
404.0,39.13947524760134
404.5,40.30435945241959
405.0,41.49436758579036
405.5,42.709685965915085
406.0,43.95048867067685
406.5,45.21693701668989
407.0,46.50917903804139
407.5,47.82734896544581
408.0,49.17156670655287
408.5,50.54193732816939
409.0,51.93855054117355
409.5,53.3614801889182
410.0,54.81078373993586
410.5,56.28650178577401
411.0,57.7886575448034
411.5,59.31725637285575
412.0,60.87228528155859
412.5,62.453712465246454
413.0,64.06148683733637
413.5,65.69553757706376
414.0,67.35577368748169
414.5,69.04208356563055
415.0,70.7543345857899
415.5,72.49237269672456
416.0,74.25602203383833
416.5,76.04508454714697
417.0,77.85933964597783
417.5,79.6985438613002
418.0,81.56243052658164
418.5,83.45070947805864
419.0,85.36306677529808
419.5,87.29916444291406
420.0,89.25864023429071
420.5,91.24110741814431
421.0,93.24615458874135
421.5,95.27334550056712
422.0,97.32221892821958
422.5,99.39228855227753
423.0,101.48304287186703
423.5,103.59394514462217
424.0,105.72443335470659
424.5,107.87392020953024
425.0,110.04179316576308
425.5,112.22741448521182
426.0,114.43012132108879
426.5,116.64922583516332
427.0,118.8840153462463
427.5,121.13375251041506
428.0,123.3976755333435
428.5,125.67499841505682
429.0,127.96491122738303
429.5,130.26658042432604
430.0,132.5791491855359
430.5,134.90173779300076
431.0,137.23344404103315
431.5,139.57334367957193
432.0,141.9204908907654
432.5,144.27391879874804
433.0,146.6326400124676
433.5,148.99564720136217
434.0,151.3619137036322
434.5,153.73039416679305
435.0,156.10002522013787
435.5,158.46972617868235
436.0,160.8383997781049
436.5,163.20493294013775
437.0,165.56819756780786
437.5,167.9270513698677
438.0,170.28033871369945
438.5,172.62689150592016
439.0,174.9655300998578
439.5,177.295064229015
440.0,179.61429396558043
440.5,181.92201070299663
441.0,184.2169981615397
441.5,186.4980334158143
442.0,188.76388794302014
442.5,191.0133286907953
443.0,193.24511916339674
443.5,195.4580205249328
444.0,197.6507927183202
444.5,199.82219559859467
445.0,201.97099007916947
445.5,204.0959392895935
446.0,206.19580974333198
446.5,208.26937251405548
447.0,210.3154044188961
447.5,212.33268920710142
448.0,214.3200187524921
448.5,216.2761942481066
449.0,218.20002740139861
449.5,220.09034162833487
450.0,221.94597324472818
450.5,223.7657726531306
451.0,225.54860552360256
451.5,227.29335396667145
452.0,228.99891769678914
452.5,230.66421518460237
453.0,232.28818479635245
453.5,233.86978591873034
454.0,235.40800006752303
454.5,236.90183197840253
455.0,238.3503106782256
455.5,239.7524905352327
456.0,241.10745228655904
456.5,242.41430404149665
457.0,243.67218225897656
457.5,244.88025269777305
458.0,246.0377113379669
458.5,247.14378527224486
459.0,248.1977335656515
459.5,249.1988480824568
460.0,250.14645427884696
460.5,251.03991196019714
461.0,251.87861600173665
461.5,252.6619970314701
462.0,253.38952207427695
462.5,254.0606951561687
463.0,254.67505786774495
463.5,255.23218988595283
464.0,255.73170945331745
464.5,256.17327381387963
465.0,256.55657960514316
465.5,256.88136320540474
466.0,257.1474010359094
466.5,257.3545098173474
467.0,257.5025467802795
467.5,257.5914098291536
468.0,257.6210376596481
468.5,257.5914098291536
469.0,257.5025467802795
469.5,257.3545098173474
470.0,257.1474010359094
470.5,256.88136320540474
471.0,256.55657960514316
471.5,256.17327381387963
472.0,255.73170945331745
472.5,255.23218988595283
473.0,254.67505786774495
473.5,254.0606951561687
474.0,253.38952207427695
474.5,252.6619970314701
475.0,251.87861600173665
475.5,251.03991196019714
476.0,250.14645427884696
476.5,249.1988480824568
477.0,248.1977335656515
477.5,247.14378527224486
478.0,246.0377113379669
478.5,244.88025269777305
479.0,243.67218225897656
479.5,242.41430404149665
480.0,241.10745228655904
480.5,239.7524905352327
481.0,238.3503106782256
481.5,236.90183197840253
482.0,235.40800006752303
482.5,233.86978591873034
483.0,232.28818479635245
483.5,230.66421518460237
484.0,228.99891769678914
484.5,227.29335396667145
485.0,225.54860552360256
485.5,223.7657726531306
486.0,221.94597324472818
486.5,220.09034162833487
487.0,218.20002740139861
487.5,216.2761942481066
488.0,214.3200187524921
488.5,212.33268920710142
489.0,210.3154044188961
489.5,208.26937251405548
