300.0,101.3048710240846
300.5,103.43433676925842
301.0,105.6280585498066
301.5,107.88848232778862
302.0,110.21816180203504
302.5,112.61976343444097
303.0,115.0960716862031
303.5,117.64999446635504
304.0,120.28456879365335
304.5,123.00296667127738
305.0,125.80850117187532
305.5,128.70463272816693
306.0,131.6949756215324
306.5,134.783304657708
307.0,137.973562014784
307.5,141.2698642440687
308.0,144.6765093989314
308.5,148.1979842603463
309.0,151.83897162038636
309.5,155.6043575762008
310.0,159.49923877687448
310.5,163.52892955381012
311.0,167.69896885166182
311.5,172.01512686113168
312.0,176.48341123683508
312.5,181.1100727626281
313.0,185.90161030292904
313.5,190.8647748512715
314.0,196.00657245619496
314.5,201.3342657691606
315.0,206.85537391901252
315.5,212.5776703720958
316.0,218.50917838599523
316.5,224.65816360747095
317.0,231.0331233010735
317.5,237.64277162368347
318.0,244.49602028151722
318.5,251.60195381974145
319.0,258.96979870075313
319.5,266.60888522564017
320.0,274.5286012449801
320.5,282.7383364910533
321.0,291.2474162454919
321.5,300.0650229368964
322.0,309.2001041456068
322.5,318.6612653824252
323.0,328.45664591104173
323.5,338.5937758084066
324.0,349.07941241371816
324.5,359.9193543179508
325.0,371.11823110764993
325.5,382.67926721787666
326.0,394.60401849176355
326.5,406.8920804134057
327.0,419.5407675050014
327.5,432.54476408878304
328.0,445.89574754093206
328.5,459.58198633923655
329.0,473.5879166561439
329.5,487.8937029944329
330.0,502.4747904124686
330.5,517.3014582306582
331.0,532.3383877163934
331.5,547.5442590452477
332.0,562.8713957252269
332.5,578.2654774951159
333.0,593.6653452621325
333.5,609.0029236698373
334.0,624.203288077868
334.5,639.1849027481691
335.0,653.8600555122691
335.5,668.1355108051235
336.0,681.9133974213288
336.5,695.0923395237063
337.0,707.5688293291549
337.5,719.2388277534974
338.0,729.9995656196126
338.5,739.751503601391
339.0,748.400394924017
339.5,755.8593821926505
340.0,762.0510498823058
340.5,766.909348234176
341.0,770.3813035823716
341.5,772.4284351047162
342.0,773.0278087572241
342.5,772.1726752292831
343.0,769.8726590784674
343.5,766.1534892147782
344.0,761.0562847293722
344.5,754.6364327299704
345.0,746.9621145207333
345.5,738.1125516685347
346.0,728.1760532614007
346.5,717.2479496092362
347.0,705.4284959656962
347.5,692.8208232671742
348.0,679.5290024572206
348.5,665.6562759575872
349.0,651.3034955613252
349.5,636.5677916560215
350.0,621.5414852290929
350.5,606.3112422938583
351.0,590.9574606606589
351.5,575.5538715599959
352.0,560.1673334870031
352.5,544.85779259863
353.0,529.6783827700606
353.5,514.6756386630278
354.0,499.8897965203208
354.5,485.3551595405055
355.0,471.10050730583185
355.5,457.1495315853085
356.0,443.52128371808084
356.5,430.2306215549065
357.0,417.28864649903596
357.5,404.7031234822118
358.0,392.47887870779465
358.5,380.6181716855278
359.0,369.1210394821607
359.5,357.98561224095147
360.0,347.2083999092424
360.5,336.78455078800516
361.0,326.708083012018
361.5,316.9720904143385
362.0,307.5689244517128
362.5,298.4903539932533
363.0,289.72770482458316
363.5,281.2719807119611
364.0,273.1139678208403
364.5,265.2443242033365
365.0,257.6536559691383
365.5,250.33258164237452
366.0,243.2717860889115
366.5,236.46206527909587
367.0,229.8943630334387
367.5,223.55980078556195
368.0,217.44970128949913
368.5,211.55560709818724
369.0,205.8692945472361
369.5,200.3827838930322
370.0,195.0883461768569
370.5,189.97850731675257
371.0,185.04604986598417
371.5,180.28401282069441
372.0,175.68568980924493
372.5,171.24462595128975
373.0,166.9546136353277
373.5,162.8096874288518
374.0,158.80411830478718
374.5,154.93240734124868
375.0,151.18927902835108
375.5,147.5696742954927
376.0,144.06874335486958
376.5,140.68183844165026
377.0,137.40450651797497
377.5,134.23248199648424
378.0,131.1616795292118
378.5,128.18818689919246
379.0,125.30825804486486
379.5,122.51830624113056
380.0,119.81489745563626
380.5,117.19474389434252
381.0,114.65469774663615
381.5,112.19174513702899
382.0,109.80300028779419
382.5,107.48569989464012
383.0,105.23719771565631
383.5,103.05495937223036
384.0,100.93655735937841
384.5,98.8796662619204
385.0,96.88205817212321
385.5,94.94159830380313
386.0,93.05624079739604
386.5,91.22402471014529
387.0,89.44307018530695
387.5,87.71157479410832
388.0,86.02781004410666
388.5,84.39011804756959
389.0,82.79690834351999
389.5,81.2466548671558
390.0,79.7378930604515
390.5,78.26921711787536
391.0,76.83927736130204
391.5,75.44677773836382
392.0,74.0904734386576
392.5,72.76916862240982
393.0,71.48171425638945
393.5,70.22700605205338
394.0,69.00398250110084
394.5,67.81162300380907
395.0,66.64894608571286
395.5,65.51500769838093
396.0,64.40889960022682
396.5,63.32974781347372
397.0,62.27671115356837
397.5,61.24897982751055
398.0,60.245774097729445
398.5,59.26634300829814
399.0,58.30996317043053
399.5,57.37593760435301
400.0,56.46359463478435
400.5,55.57228683739311
401.0,54.70139003373173
401.5,53.85030233227026
402.0,53.01844321327122
402.5,52.20525265536006
403.0,51.41019030175319
403.5,50.63273466420842
404.0,49.8723823628597
404.5,49.128647400191426
405.0,48.401060467495356
405.5,47.68916828223766
406.0,46.99253295484242
406.5,46.310731383474554
407.0,45.64335467547605
407.5,44.99000759417843
408.0,44.35030802987813
408.5,43.7238864938236
409.0,43.110385634120874
409.5,42.50945977251916
410.0,41.92077446109097
410.5,41.34400605787066
411.0,40.77884132056173
411.5,40.22497701746915
412.0,39.68211955485356
412.5,39.1499846199458
413.0,38.62829683889723
413.5,38.116789448977464
414.0,37.61520398436584
414.5,37.123289974914364
415.0,36.64080465729142
415.5,36.16751269794406
416.0,35.70318592734439
416.5,35.24760308501183
417.0,34.800549574827805
417.5,34.361817230182524
418.0,33.931204088516594
418.5,33.50851417484042
419.0,33.09355729383527
419.5,32.68614883015831
420.0,32.286109556592145
420.5,31.893265449696766
421.0,31.50744751263779
421.5,31.12849160488024
422.0,30.75623827845231
422.5,30.390532620496717
423.0,30.031224101841058
423.5,29.678166431330972
424.0,29.33121741568151
424.5,28.990238824614025
425.0,28.655096261056197
425.5,28.32565903619308
426.0,28.00180004916717
426.5,27.683395671234063
427.0,27.370325634189786
427.5,27.062472922893715
428.0,26.759723671719037
428.5,26.46196706477058
429.0,26.169095239716608
429.5,25.881003195088237
430.0,25.59758870090669
430.5,25.318752212504624
431.0,25.04439678741384
431.5,24.774428005197255
432.0,24.508753890108206
432.5,24.24728483646555
433.0,23.9899335366377
433.5,23.736614911533238
434.0,23.487246043500548
434.5,23.241746111542632
435.0,23.0000363287577
435.5,22.762039881919716
436.0,22.527681873116666
436.5,22.296889263368097
437.0,22.06959081814648
437.5,21.84571705473014
438.0,21.62520019131888
438.5,21.407974097845674
439.0,21.193974248421267
439.5,20.983137675350502
440.0,20.775402924662178
440.5,20.570710013096395
441.0,20.369000386495625
441.5,20.17021687954814
442.0,19.97430367683427
442.5,19.78120627512809
443.0,19.590871446908988
443.5,19.403247205039605
444.0,19.218282768567885
444.5,19.035928529613308
445.0,18.85613602129835
445.5,18.678857886688192
446.0,18.504047848702943
446.5,18.331660680968046
447.0,18.16165217956997
447.5,17.99397913568553
448.0,17.82859930905432
448.5,17.66547140226509
449.0,17.504555035827845
449.5,17.345810724004664
450.0,17.18919985137321
450.5,17.03468465009781
451.0,16.882228177884144
451.5,16.731794296594284
452.0,16.583347651499768
452.5,16.4368536511513
453.0,16.292278447844314
453.5,16.149588918660633
454.0,16.008752647066927
454.5,15.869737905051572
455.0,15.732513635782153
455.5,15.597049436766483
456.0,15.463315543500554
456.5,15.331282813587686
457.0,15.200922711313348
457.5,15.072207292661082
458.0,14.945109190755147
458.5,14.819601601716222
459.0,14.695658270916914
459.5,14.57325347962433
460.0,14.452362032017358
460.5,14.332959242566831
461.0,14.215020923767057
461.5,14.098523374207728
462.0,13.98344336697549
462.5,13.869758138374872
463.0,13.757445376958687
463.5,13.646483212858255
464.0,13.536850207404191
464.5,13.42852534302887
465.0,13.32148801344183
465.5,13.215718014069846
466.0,13.111195532753628
466.5,13.007901140693233
467.0,12.905815783634834
467.5,12.804920773291439
468.0,12.705197778990607
468.5,12.60662881954235
469.0,12.509196255320623
469.5,12.412882780552112
470.0,12.317671415806146
470.5,12.223545500679775
471.0,12.130488686672345
471.5,12.03848493024393
472.0,11.947518486052314
472.5,11.857573900363306
473.0,11.76863600462935
473.5,11.680689909231583
474.0,11.59372099738059
474.5,11.507714919171374
475.0,11.422657585788063
475.5,11.33853516385408
476.0,11.255334069923723
476.5,11.17304096511102
477.0,11.091642749852118
477.5,11.011126558797326
478.0,10.931479755829285
478.5,10.852689929203656
479.0,10.774744886808929
479.5,10.697632651542111
480.0,10.621341456796985
480.5,10.545859742061877
481.0,10.471176148623979
481.5,10.397279515377209
482.0,10.324158874730804
482.5,10.251803448615986
483.0,10.180202644587926
483.5,10.109346052020465
484.0,10.039223438391152
484.5,9.96982474565408
485.0,9.90114008669821
485.5,9.833159741888895
486.0,9.765874155690428
486.5,9.69927393336736
487.0,9.63334983776261
487.5,9.5680927861503
488.0,9.503493847161332
488.5,9.439544237779817
489.0,9.376235320408531
489.5,9.313558600001551
