300.0,391.30546248473513
300.5,392.5849756822423
301.0,393.9287485634419
301.5,395.3392273577422
302.0,396.8189660498621
302.5,398.37063140733045
303.0,399.997008217999
303.5,401.701004739932
304.0,403.4856583647249
304.5,405.35414149372315
305.0,407.3097676246755
305.5,409.3559976440372
306.0,411.4964463173595
306.5,413.7348889668878
307.0,416.0752683215733
307.5,418.52170152006374
308.0,421.0784872417945
308.5,423.75011293490707
309.0,426.5412621022501
309.5,429.4568215980038
310.0,432.50188887733265
310.5,435.6817791297142
311.0,439.00203221298
311.5,442.4684192893879
312.0,446.0869490469404
312.5,449.86387336834906
313.0,453.8056922861871
313.5,457.9191580354757
314.0,462.21127798381883
314.5,466.6893161837862
315.0,471.3607932520712
315.5,476.23348423454763
316.0,481.3154140651998
316.5,486.61485016951167
317.0,492.14029169881076
317.5,497.90045481082217
318.0,503.9042533329872
318.5,510.16077405870186
319.0,516.6792458325434
319.5,523.4690014790158
320.0,530.5394315209822
320.5,537.8999285198779
321.0,545.5598207517362
321.5,553.5282938135767
322.0,561.8142986373566
322.5,570.4264442782976
323.0,579.3728737473564
323.5,588.6611210820979
324.0,598.2979478066577
324.5,608.2891569327343
325.0,618.6393827153559
325.5,629.3518545183235
326.0,640.4281333868067
326.5,651.8678202938377
327.0,663.6682355516357
327.5,675.8240695883204
328.0,688.3270062172292
328.5,701.1653207006151
329.0,714.3234563593979
329.5,727.7815852262147
330.0,741.5151602887495
330.5,755.4944692149853
331.0,769.6842020576817
331.5,784.0430482358668
332.0,798.5233409801662
332.5,813.0707702530283
333.0,827.6241877090815
333.5,842.1155292865906
334.0,856.4698822116029
334.5,870.6057232094761
335.0,884.4353531983597
335.5,897.8655503501691
336.0,910.7984578748775
336.5,923.1327150581454
337.0,934.7648299772054
337.5,945.5907801767456
338.0,955.5078139091045
338.5,964.4164101113307
339.0,972.2223411396297
339.5,978.8387696332887
340.0,984.1883010408889
340.5,988.204907554074
341.0,990.8356384728556
341.5,992.0420369961103
342.0,991.8011941969094
342.5,990.1063870197127
343.0,986.967267458362
343.5,982.4095930846806
344.0,976.4745129227472
344.5,969.2174453310397
345.0,960.7066042302428
345.5,951.0212452186482
346.0,940.249712880922
346.5,928.487374540351
347.0,915.834524033431
347.5,902.3943325027557
348.0,888.2709127765153
348.5,873.5675508957892
349.0,858.385144065046
349.5,842.8208699339235
350.0,826.9670986621845
350.5,810.9105474065507
351.0,794.7316671536603
351.5,778.5042444060883
352.0,762.29519509072
352.5,746.1645250208147
353.0,730.1654300182521
353.5,714.3445090485737
354.0,698.7420650830773
354.5,683.3924705419319
355.0,668.3245767912347
355.5,653.5621500159343
356.0,639.1243186736931
356.5,625.0260205074184
357.0,611.2784396576999
357.5,597.8894267107908
358.0,584.8638965140622
358.5,572.2042002833589
359.0,559.9104699263867
359.5,547.9809336350581
360.0,536.4122026858915
360.5,525.1995300622555
361.0,514.3370420070121
361.5,503.8179439591095
362.0,493.6347025506419
362.5,483.7792054665872
363.0,474.2429010192883
363.5,465.01691928205713
364.0,456.0921765762128
364.5,447.45946502588447
365.0,439.1095287949585
365.5,431.03312850852853
366.0,423.221095243159
366.5,415.66437535080934
367.0,408.35406726374345
367.5,401.28145131456535
368.0,394.4380134982922
368.5,387.81546400311186
369.0,381.4057512437196
369.5,375.20107204609405
370.0,369.1938785551892
370.5,363.3768823670706
371.0,357.7430563241327
371.5,352.28563435578064
372.0,346.99810969685245
372.5,341.8742317716043
373.0,336.90800199178125
373.5,332.0936686826649
374.0,327.4257213205569
374.5,322.8988842384989
375.0,318.508109933725
375.5,314.2485720900318
376.0,310.11565841058547
376.5,306.1049633413561
377.0,302.21228075210547
377.5,298.4335966303921
378.0,294.7650818341899
378.5,291.20308494023357
379.0,287.74412521793215
379.5,284.38488575247965
380.0,281.122206735493
380.5,277.9530789370144
381.0,274.87463736890606
381.5,271.88415514645834
382.0,268.97903755234586
382.5,266.1568163048154
383.0,263.41514403013645
383.5,260.75178893781043
384.0,258.1646296957878
384.5,255.65165050193963
385.0,253.21093634722706
385.5,250.8406684653926
386.0,248.53911996352267
386.5,246.30465162748146
387.0,244.13570789598037
387.5,242.03081299689032
388.0,239.9885672393323
388.5,238.00764345506616
389.0,236.08678358273374
389.5,234.2247953885958
390.0,232.42054931751022
390.5,230.67297546804608
391.0,228.9810606857876
391.5,227.34384576906322
392.0,225.7604227815284
392.5,224.2299324662308
393.0,222.75156175599673
393.5,221.32454137519036
394.0,219.9481435281082
394.5,218.6216796694914
395.0,217.34449835284508
395.5,216.11598315247045
396.0,214.93555065532018
396.5,213.80264851899156
397.0,212.71675359237327
397.5,211.6773700956527
398.0,210.68402785658276
398.5,209.7362806000894
399.0,208.83370428847815
399.5,207.9758955096731
400.0,207.16246991108352
400.5,206.39306067685777
401.0,205.6673170464377
401.5,204.98490287247364
402.0,204.34549521630822
402.5,203.74878297936903
403.0,203.19446556894758
403.5,202.68225159696686
404.0,202.2118576104611
404.5,201.78300685261104
405.0,201.3954280532857
405.5,201.04885424815274
406.0,200.74302162551933
406.5,200.47766840016448
407.0,200.25253371351747
407.5,200.06735655962424
408.0,199.921874736431
408.5,199.81582382199306
409.0,199.74893617529446
409.5,199.72093996143738
410.0,199.73155820102681
410.5,199.78050784364464
411.0,199.8674988653652
411.5,199.99223339032494
412.0,200.15440483641217
412.5,200.35369708519227
413.0,200.5897836762336
413.5,200.8623270260413
414.0,201.17097767184757
414.5,201.51537354054494
415.0,201.89513924308133
415.5,202.30988539466858
416.0,202.7592079611828
416.5,203.24268763215883
417.0,203.75988922080566
417.5,204.31036109148272
418.0,204.89363461509822
418.5,205.50922365289912
419.0,206.1566240691334
419.5,206.8353132730724
420.0,219.54474979088286
420.5,221.13437286784108
421.0,222.75360210137913
421.5,224.40183710544736
422.0,226.07845720667189
422.5,227.78282117277425
423.0,229.5142669737081
423.5,231.27211157595315
424.0,233.0556507703881
424.5,234.86415903414428
425.0,236.69688942681927
425.5,238.5530735214049
426.0,240.43192137025596
426.5,242.33262150639737
427.0,244.2543409804361
427.5,246.19622543330877
428.0,248.15739920506255
428.5,250.1369654798274
429.0,252.13400646709962
429.5,254.14758361941426
430.0,256.1767378864426
430.5,258.2204900055054
431.0,260.277840828447
431.5,262.3477716847692
432.0,264.4292447808736
432.5,266.5212036352136
433.0,268.62257354910525
433.5,270.7322621128954
434.0,272.8491597471328
434.5,274.9721402783357
435.0,277.10006154889555
435.5,279.23176606060207
436.0,281.3660816512216
436.5,283.50182220350587
437.0,285.6377883859543
437.5,287.77276842459787
438.0,289.9055389050183
438.5,292.03486560376587
439.0,294.15950434827903
439.5,296.27820190436546
440.0,298.3896968902426
440.5,300.492720716093
441.0,302.5859985480353
441.5,304.66825029536244
442.0,306.73819161985443
442.5,308.7945349659234
443.0,310.8359906103057
443.5,312.8612677299724
444.0,314.86907548688805
444.5,316.858124128208
445.0,318.8271261004678
445.5,320.7747971762817
446.0,322.69985759203496
446.5,324.60103319502355
447.0,326.47705659846605
447.5,328.32666834278695
448.0,330.1486180615464
448.5,331.9416656503717
449.0,333.70458243722646
449.5,335.43615235233955
450.0,337.1351730961014
450.5,338.8004573032284
451.0,340.4308337014867
451.5,342.0251482632657
452.0,343.5822653482889
452.5,345.10106883575367
453.0,346.5804632441968
453.5,348.01937483739096
454.0,349.41675271458996
454.5,350.7715698834541
455.0,352.0828243140078
455.5,353.3495399719992
456.0,354.5707678300596
456.5,355.74558685508435
457.0,356.8731049702899
457.5,357.95245999043414
458.0,358.9828205287221
458.5,359.9633868739611
459.0,360.8933918365684
459.5,361.77210156208116
460.0,362.5988163108643
460.5,363.372871202764
461.0,364.0936369255037
461.5,364.7605204056778
462.0,365.37296544125246
462.5,365.93045329454355
463.0,366.43250324470364
463.5,366.8786730988111
464.0,367.2685596607216
464.5,367.6017991569085
465.0,367.87806761858496
465.5,368.0970812194746
466.0,368.25859656866305
466.5,368.3624109580406
467.0,368.4083625639143
467.5,368.396330602445
468.0,368.3262354386387
468.5,368.1980386486959
469.0,368.0117430356001
469.5,367.7673925978995
470.0,367.46507245171557
470.5,367.10490870608453
471.0,366.6870682918155
471.5,366.2117587441236
472.0,365.67922793936975
472.5,365.08976378631615
473.0,364.4436938723743
473.5,363.74138506540027
474.0,362.98324307165757
474.5,362.16971195064144
475.0,361.3012735875247
475.5,360.3784471240512
476.0,359.4017883487707
476.5,358.37188904756783
477.0,357.2893763155036
477.5,356.15491183104217
478.0,354.96919109379616
478.5,353.7329426269767
479.0,352.4469271457855
479.5,351.11193669303873
480.0,349.72879374335605
480.5,348.2983502772946
481.0,346.8214868268496
481.5,345.2991114937797
482.0,343.7321589422538
482.5,342.12158936734636
483.0,340.4683874409404
483.5,338.77356123662287
484.0,337.0381411351803
484.5,335.2631787123255
485.0,333.44974561030074
485.5,331.59893239501946
486.0,329.7118474004186
486.5,327.78961556170225
487.0,325.8333772391612
487.5,323.8442870342569
488.0,321.82351259965344
488.5,319.77223344488124
489.0,317.6916397393046
489.5,315.58293111405703
