301.20512357744445,1.4073667502894467
307.21279575274593,1.5265251199803977
313.04377168759737,1.649409008966635
318.8747476224488,1.7796234071951686
324.70572355730025,1.9173579403945435
330.73106535664675,2.067765156763815
336.3676754270031,2.216049159882164
342.19865136185456,2.377280879612745
348.029627296706,2.5465777741410762
353.86060323155743,2.7240102118145275
359.6915791664089,2.9096172198020995
365.5225551012603,3.1034040694681195
371.3535310361118,3.3053399461627624
377.02253541721734,3.5094137317706706
383.0154829058147,3.733341914277143
388.84645884066606,3.95914669046244
394.67743477551755,4.19257422488612
400.508410710369,4.433383156797193
406.33938664522043,4.681285342994605
412.04078533707514,4.930215025038094
418.0013385149233,5.196977394432912
423.83231444977474,5.463949725139979
429.6632903846262,5.736379849554575
435.4942663194776,6.013737240636711
441.32524225432905,6.295443568971568
447.56850941689726,6.601179448691716
452.5012794627943,6.845217843558403
458.8181700588834,7.160181579677454
464.6491459937348,7.452590917166324
470.4801219285863,7.745792698472831
476.3110978634377,8.038958683364797
482.1420737982892,8.331228834622397
487.97304973314056,8.621715150819192
493.80402566799205,8.90950584576675
499.6350016028435,9.193669850554363
505.4659775376949,9.473261609959632
511.3966282748515,9.751957351223838
516.715638179681,9.996218012699151
522.5989685561474,10.259214104640137
525.5504502021831,10.388014899764169
531.3814261370346,10.635720700401489
537.2124020718861,10.87368190467335
543.2377438712326,11.108371807477036
548.874353941589,11.316758402074028
554.7053298764404,11.520140199973504
561.0346798228177,11.725939011260229
572.3278349239914,12.051472962309512
578.0292336158461,12.194220529060413
584.3461242119353,12.334530886249958
589.5915106832438,12.436303319411588
595.781315906394,12.538693829958545
600.8903614874066,12.608436902380532
607.1841132901034,12.675629751242239
613.0150892249549,12.719166873274283
619.1052196457997,12.745211520070123
624.6770410946576,12.751548448554102
630.2488625435158,12.74114430768726
636.8017688322059,12.707545380928057
642.169968899212,12.662934643395776
648.0009448340635,12.597243534787689
653.8319207689149,12.513881133390504
659.6039979569496,12.41430537786046
665.4938726386179,12.295637346431155
671.6487916809609,12.153768092892008
677.1558245083206,12.011892182278684
682.9868004431721,11.846897347137492
689.3036910392611,11.651781908999027
694.1503783013493,11.491100943440665
700.4797282477264,11.2677256787861
706.3107041825779,11.049199756286209
712.1416801174294,10.819338911626788
717.9726560522807,10.579032834133587
723.9332092301289,10.323543600066452
730.1329819335094,10.048308698809368
735.4655838568351,9.80468679254604
741.6205028991783,9.516587929164631
746.6647598586926,9.275709818556075
753.1528775258844,8.96063311419639
758.7894875962409,8.683047253044572
764.6204635310924,8.393056068226644
770.4514394659436,8.10108938789933
776.2824154007951,7.808040621800115
782.1133913356466,7.514776074201625
787.9443672704981,7.222131035760787
793.6457659623527,6.937356933261954
799.6063191402009,6.641864686652232
805.4372950750524,6.35572888626715
811.2682710099039,6.073178463096822
817.0992469447554,5.794848190356098
822.9302228796066,5.521326414800346
828.5020443284648,5.264952079580905
831.0288005669004,5.150416667673528
836.3738618405141,4.911900719012352
842.3668093291114,4.650894865544935
848.1977852639629,4.403834831309672
854.0287611988144,4.163905473975908
859.8597371336657,3.931389212916343
865.6907130685172,3.706521823072376
871.5216890033687,3.4894937215566117
877.3526649382202,3.280451498057922
882.6977262118339,3.0959348126698174
889.1765883616688,2.881463853515772
894.1977065277911,2.7221954611597456
