301.20512357744445,5.619133127077036e-12
307.21279575274593,9.753006259768457e-12
313.04377168759737,1.6565930931278937e-11
318.8747476224488,2.798849955363705e-11
324.70572355730025,4.703593857100571e-11
330.73106535664675,7.997688446175795e-11
336.3676754270031,1.3073428359209334e-10
342.19865136185456,2.1622154712111643e-10
348.029627296706,3.5570901898307944e-10
353.86060323155743,5.820726726120866e-10
359.6915791664089,9.474274663717127e-10
365.5225551012603,1.533914521069202e-09
371.3535310361118,2.470260612609399e-09
377.02253541721734,3.905871434731555e-09
383.0154829058147,6.305002820683064e-09
388.84645884066606,9.992776675794244e-09
394.67743477551755,1.5753371155926723e-08
400.508410710369,2.470286108025439e-08
406.33938664522043,3.853074746184069e-08
412.04078533707514,5.9202542847407035e-08
418.0013385149233,9.22543963344275e-08
423.83231444977474,1.4161411115372083e-07
429.6632903846262,2.1622824202023183e-07
435.4942663194776,3.28401196819229e-07
441.32524225432905,4.961162725864904e-07
447.56850941689726,7.671259635895117e-07
452.5012794627943,1.0778110574622535e-06
458.8181700588834,1.6566785828971402e-06
464.6491459937348,2.449980949522901e-06
470.4801219285863,3.6039070729898145e-06
476.3110978634377,5.2731592591927155e-06
482.1420737982892,7.67458002715101e-06
487.97304973314056,1.1110274197449936e-05
493.80402566799205,1.599857725072439e-05
499.6350016028435,2.2915238157700033e-05
505.4659775376949,3.264779200384617e-05
511.3966282748515,4.654123196576593e-05
516.715638179681,6.366568248592602e-05
522.5989685561474,8.95708434069083e-05
525.5504502021831,0.00010608585973723703
531.3814261370346,0.00014760613007287827
537.2124020718861,0.0002042855814259071
543.2377438712326,0.00028421365725847677
548.874353941589,0.000385091238988394
554.7053298764404,0.0005245129808269866
561.0346798228177,0.0007291210910478417
572.3278349239914,0.0012919751276149413
578.0292336158461,0.0017115552460368198
584.3461242119353,0.002323431945344227
589.5915106832438,0.0029805036674530067
595.781315906394,0.00397662883961772
600.8903614874066,0.00502240451142397
607.1841132901034,0.006658538031958703
613.0150892249549,0.008598758637309906
619.1052196457997,0.011167562655516985
624.6770410946576,0.014112657060251867
630.2488625435158,0.017747888302038668
636.8017688322059,0.023094470088802225
642.169968899212,0.028511268253737006
648.0009448340635,0.03566087320504206
653.8319207689149,0.044366363939484975
659.6039979569496,0.05478716954880606
665.4938726386179,0.06758290368833178
671.6487916809609,0.08367094320594992
677.1558245083206,0.10077796064833805
682.9868004431721,0.12208422923008336
689.3036910392611,0.14937706759999553
694.1503783013493,0.1736495269188247
700.4797282477264,0.21021327026899528
706.3107041825779,0.24928711823155197
712.1416801174294,0.2940532426729556
717.9726560522807,0.3450154439739283
723.9332092301289,0.4040195094998242
730.1329819335094,0.47331780007843216
735.4655838568351,0.5397526555294774
741.6205028991783,0.624636487135726
746.6647598586926,0.7009570869648961
753.1528775258844,0.8082395098857358
758.7894875962409,0.9098010569702704
764.6204635310924,1.0229406032975263
770.4514394659436,1.1440389867912935
776.2824154007951,1.272675428402574
782.1133913356466,1.4082537649059035
787.9443672704981,1.5499961158391575
793.6457659623527,1.6936268302742095
799.6063191402009,1.8479459695998217
805.4372950750524,2.0016965447249877
811.2682710099039,2.1567193610396784
817.0992469447554,2.311401877689054
822.9302228796066,2.4640170781506154
828.5020443284648,2.606250773930139
831.0288005669004,2.669147825468946
836.3738618405141,2.798007842403692
842.3668093291114,2.9342385326482834
848.1977852639629,3.0565970212934284
854.0287611988144,3.1671408821173643
859.8597371336657,3.264246943747919
865.6907130685172,3.346455522600601
871.5216890033687,3.412506878353913
877.3526649382202,3.4613733116779417
882.6977262118339,3.4904093331382313
889.1765883616688,3.504834384080511
894.1977065277911,3.5001854952518667
