301.20512357744445,18.407366750295065
307.21279575274593,18.52652511999015
313.04377168759737,18.649409008983202
318.8747476224488,18.779623407223156
324.70572355730025,18.91735794044158
330.73106535664675,19.06776515684379
336.3676754270031,19.216049160012897
342.19865136185456,19.377280879828966
348.029627296706,19.546577774496786
353.86060323155743,19.7240102123966
359.6915791664089,19.909617220749528
365.5225551012603,20.103404071002032
371.3535310361118,20.305339948633023
377.02253541721734,20.509413735676542
383.0154829058147,20.733341920582145
388.84645884066606,20.959146700455218
394.67743477551755,21.19257424063949
400.508410710369,21.433383181500055
406.33938664522043,21.681285381525353
412.04078533707514,21.930215084240636
418.0013385149233,22.19697748668731
423.83231444977474,22.463949866754092
429.6632903846262,22.736380065782818
435.4942663194776,23.013737569037907
441.32524225432905,23.295444065087842
447.56850941689726,23.601180215817678
452.5012794627943,23.845218921369458
458.8181700588834,24.160183236356037
464.6491459937348,24.452593367147273
470.4801219285863,24.745796302379905
476.3110978634377,25.038963956524057
482.1420737982892,25.331236509202427
487.97304973314056,25.62172626109339
493.80402566799205,25.909521844344
499.6350016028435,26.19369276579252
505.4659775376949,26.473294257751636
511.3966282748515,26.752003892455804
516.715638179681,26.996281678381635
522.5989685561474,27.259303675483544
525.5504502021831,27.388120985623907
531.3814261370346,27.635868306531563
537.2124020718861,27.873886190254776
543.2377438712326,28.108656021134294
548.874353941589,28.317143493313015
554.7053298764404,28.52066471295433
561.0346798228177,28.72666813235128
572.3278349239914,29.052764937437125
578.0292336158461,29.19593208430645
584.3461242119353,29.3368543181953
589.5915106832438,29.43928382307904
595.781315906394,29.542670458798163
600.8903614874066,29.613459306891954
607.1841132901034,29.682288289274197
613.0150892249549,29.727765631911595
619.1052196457997,29.75637908272564
624.6770410946576,29.765661105614356
630.2488625435158,29.758892195989297
636.8017688322059,29.73063985101686
642.169968899212,29.691445911649513
648.0009448340635,29.632904407992733
653.8319207689149,29.558247497329987
659.6039979569496,29.469092547409268
665.4938726386179,29.363220250119486
671.6487916809609,29.23743903609796
677.1558245083206,29.112670142927023
682.9868004431721,28.968981576367575
689.3036910392611,28.801158976599023
694.1503783013493,28.66475047035949
700.4797282477264,28.477938949055094
706.3107041825779,28.29848687451776
712.1416801174294,28.113392154299746
717.9726560522807,27.924048278107513
723.9332092301289,27.727563109566276
730.1329819335094,27.521626498887798
735.4655838568351,27.34443944807552
741.6205028991783,27.141224416300357
746.6647598586926,26.976666905520972
753.1528775258844,26.768872624082128
758.7894875962409,26.592848310014844
764.6204635310924,26.41599667152417
770.4514394659436,26.245128374690623
776.2824154007951,26.08071605020269
782.1133913356466,25.923029839107528
787.9443672704981,25.772127151599946
793.6457659623527,25.630983763536165
799.6063191402009,25.489810656252054
805.4372950750524,25.357425430992137
811.2682710099039,25.2298978241365
817.0992469447554,25.106250068045153
822.9302228796066,24.98534349295096
828.5020443284648,24.871202853511043
831.0288005669004,24.819564493142472
836.3738618405141,24.709908561416043
842.3668093291114,24.585133398193218
848.1977852639629,24.4604318526031
854.0287611988144,24.331046356093275
859.8597371336657,24.195636156664264
865.6907130685172,24.05297734567298
871.5216890033687,23.902000599910526
877.3526649382202,23.741824809735864
882.6977262118339,23.58634414580805
889.1765883616688,23.386298237596282
894.1977065277911,23.222380956411612
