302.0198119128929,9.830486295647892
307.0311088009584,9.868414999428087
312.0610980387796,9.908113691568957
316.9300879054705,9.94811482137345
322.10324782035923,9.992327558632207
326.71786277246815,10.033267011772839
332.0533263701557,10.0823745391005
337.2572478012572,10.132108008751663
341.88022067458735,10.177810836897308
347.31943128392777,10.233410715480863
352.094401897882,10.28384017504127
356.9508892862304,10.336669946494439
362.2263755266605,10.395795491091844
367.2675531263515,10.453959075828754
372.3876980452246,10.514665014201054
373.90322032537404,10.532943143637398
377.8657755104757,10.581389898514653
381.1999694849394,10.622876518819064
382.3262194998611,10.637036638593269
387.5224930920686,10.703304122900171
392.31390322971816,10.765731506249773
397.90136050639353,10.84005990084397
402.36143463113814,10.900512846466848
407.54927443926636,10.972008113221321
412.8571769289125,11.046380352411298
417.6086166039429,11.113920925335119
419.92090335161663,11.14709485505746
422.57274797463924,11.185370171455396
425.1591771406743,11.222924351157822
429.97338332207255,11.293362831550988
434.7766282167337,11.364258078580107
439.8356300721118,11.439486545349075
444.87598526689567,11.514890161449214
449.8576755783047,11.589738872968812
454.87390689581287,11.665305042988516
459.76334917758084,11.739028839398388
461.60500321890845,11.766789235221275
465.9473226677013,11.832172106937303
470.9585049549827,11.907405007173523
475.9146978286396,11.981447743479123
480.9481996491974,12.05613170019942
485.7803548176937,12.127205843309905
489.87735812768705,12.186890685148724
493.65362443768504,12.241361347553793
498.349794041005,12.308278834407758
502.9754172945003,12.373190036061498
508.2098571102051,12.445300866168756
513.8522654353504,12.52125093442076
518.8356017749514,12.586633207002803
523.5629435701956,12.647054420130248
528.5425809152808,12.708883009306875
533.5401710548944,12.768928926942571
538.5808003846472,12.82732495371387
543.449672407654,12.881544378507556
548.5312235612619,12.935718574762163
553.7639337811228,12.98880233591701
559.1044824625778,13.040024959112078
564.146182128129,13.085530633617976
568.6484120104402,13.123745981971442
574.1317501692607,13.167107737616671
578.840664002697,13.201481614960395
583.7839023157819,13.234649587323801
588.5824485370737,13.263931929654266
594.0044957172582,13.293501821209063
598.7492983998563,13.31627180836889
603.7882437576566,13.337241216178455
608.6849443962351,13.354421815811875
609.9020993074305,13.358201042194155
614.0757557966068,13.369670408632125
618.7701277547144,13.379810502515756
621.4303641713011,13.384259210061126
623.8803736598553,13.38752690917523
628.7490550937887,13.39166566088851
633.5285489347319,13.39269509804843
637.8145914768112,13.3910811231368
641.0789606638508,13.388256167603775
642.8954886227071,13.38609122294574
647.2744246709362,13.379145158745285
650.2747213393242,13.37299021772126
653.1510697090265,13.366036843470699
654.4768595219693,13.362488110216585
660.0399060346581,13.345265723093982
664.96272997349,13.326942084135924
670.1776840145145,13.304458444080147
674.794491544297,13.281990450032588
679.3896112353915,13.257311018071736
685.1641401912344,13.223134526078606
689.2988219820476,13.196579661391569
695.0868762734955,13.156612743157655
699.2485643901558,13.12594814046685
702.2942038962065,13.10252831365199
706.9058119994095,13.065557652019834
711.8696835378308,13.02382728548405
716.925116155912,12.979384838801005
721.5772805696778,12.936865100065088
726.2327448454776,12.892862442500585
731.781168251613,12.838663089399681
736.2009165040622,12.794230962643281
741.3806145036098,12.740866176817965
743.6797570754636,12.716766171275756
748.7058572518573,12.663275078060089
753.5506367272993,12.6107623105955
758.6015950710644,12.555142328861745
762.45702711144,12.512163802132545
767.1561588839468,12.459253646746411
771.7686920838867,12.40684328710918
775.7431176177423,12.361374121804854
780.4356037608616,12.307400426188174
785.3053271687581,12.251145916989604
790.0885796268553,12.195740803479262
794.8182269181531,12.140895964353396
800.4490911285463,12.075632815391817
805.053203598453,12.022380058530091
810.0217354313481,11.965104978594933
814.9803984053576,11.908218993699236
819.7938333296628,11.853331216530977
824.0595414558119,11.80501327881651
828.6497055033589,11.753408540212947
833.8875707660424,11.695071979394658
838.5866723081266,11.643284719095595
839.1381587631795,11.637243083921096
844.454470401577,11.579411844135093
848.6443992218899,11.534380240166406
853.7906023665961,11.47976805483533
856.955798659669,11.446575887247674
861.061280507363,11.403989820878568
864.989028631164,11.363753693652567
869.8646002654746,11.314514781145055
873.8788392911537,11.27457487182371
878.6454487885522,11.227866364269289
883.1549073489163,11.184404478430798
886.220901376418,11.155262155596475
890.4757251018718,11.115370210949045
893.4305893818405,11.088044053127547
