302.0198119128929,0.007725146624744957
307.0311088009584,0.008390722994517125
312.0610980387796,0.009109992713394743
316.9300879054705,0.009858244549152547
322.10324782035923,0.010712875679648683
326.71786277246815,0.011530252095244125
332.0533263701557,0.012544002477560262
337.2572478012572,0.013608079639395029
341.88022067458735,0.014619518464856242
347.31943128392777,0.015893996555295546
352.094401897882,0.01709239279063148
356.9508892862304,0.01839189285076031
362.2263755266605,0.0199007651064046
367.2675531263515,0.021442488171470864
372.3876980452246,0.023113783700049656
373.90322032537404,0.023629681029311296
377.8657755104757,0.025026013049778625
381.1999694849394,0.026255681562664474
382.3262194998611,0.02668267359346479
387.5224930920686,0.028731179520750674
392.31390322971816,0.03073851799114661
397.90136050639353,0.03323010371074307
402.36143463113814,0.03534090099121727
407.54927443926636,0.03793871806780813
412.8571769289125,0.04076251833893027
417.6086166039429,0.043438954751068966
419.92090335161663,0.04479404344655265
422.57274797463924,0.046391671812768875
425.1591771406743,0.047995635988746
429.97338332207255,0.05110472521092698
434.7766282167337,0.0543721741587821
439.8356300721118,0.05799911515422152
444.87598526689567,0.06180909171579887
449.8576755783047,0.06577447797386293
454.87390689581287,0.06997517291476137
459.76334917758084,0.07427723511315783
461.60500321890845,0.07595214867590089
465.9473226677013,0.08002219392662388
470.9585049549827,0.08493508333388584
475.9146978286396,0.09002822529719348
480.9481996491974,0.0954461138211561
485.7803548176937,0.1008862526851301
489.87735812768705,0.10568666876745934
493.65362443768504,0.11026729922427451
498.349794041005,0.11617681039522841
502.9754172945003,0.12223306996601321
508.2098571102051,0.12937432280453154
513.8522654353504,0.1374216881540557
518.8356017749514,0.14483666048217336
523.5629435701956,0.15214211836924593
528.5425809152808,0.16012764369968954
533.5401710548944,0.1684454602542144
538.5808003846472,0.17714678186868726
543.449672407654,0.18585222426228415
548.5312235612619,0.1952558746507972
553.7639337811228,0.2052811683681548
559.1044824625778,0.21587285178455562
564.146182128129,0.22620657836741864
568.6484120104402,0.23570977660675654
574.1317501692607,0.24763433621851313
578.840664002697,0.2581811265097699
583.7839023157819,0.2695557726386527
588.5824485370737,0.2808922473603249
594.0044957172582,0.2940476719369744
598.7492983998563,0.3058572646592077
603.7882437576566,0.31869809580425185
608.6849443962351,0.3314662927322521
609.9020993074305,0.3346836724199023
614.0757557966068,0.34584593009263526
618.7701277547144,0.3586366549885762
621.4303641713011,0.3659933458196818
623.8803736598553,0.37283656111346963
628.7490550937887,0.3866241563299066
633.5285489347319,0.40039577073201
637.8145914768112,0.4129369724991922
641.0789606638508,0.4226053437584177
642.8954886227071,0.42802775874092674
647.2744246709362,0.4412187623827938
650.2747213393242,0.4503507489030804
653.1510697090265,0.45917392356043746
654.4768595219693,0.46326254272114725
660.0399060346581,0.48056058002757035
664.96272997349,0.4960462471705235
670.1776840145145,0.5126149810434167
674.794491544297,0.5274084393984901
679.3896112353915,0.5422340367707472
685.1641401912344,0.5609854957426617
689.2988219820476,0.5744785507477626
695.0868762734955,0.5934354991948048
699.2485643901558,0.6070982495203532
702.2942038962065,0.6171057952069047
706.9058119994095,0.6322603245342782
711.8696835378308,0.6485557554925814
716.925116155912,0.6651104723218185
721.5772805696778,0.6802863614940509
726.2327448454776,0.6953965789294886
731.781168251613,0.7132770013769958
736.2009165040622,0.7273985913295595
741.3806145036098,0.7437852510007307
743.6797570754636,0.7509954220951283
748.7058572518573,0.7666054764032116
753.5506367272993,0.7814347182390127
758.6015950710644,0.7966414592981998
762.45702711144,0.8080581563976079
767.1561588839468,0.8217308945954145
771.7686920838867,0.8348731669288384
775.7431176177423,0.8459604290364748
780.4356037608616,0.8587501735318493
785.3053271687581,0.8716575822592367
790.0885796268553,0.8839515792855135
794.8182269181531,0.8957124353695446
800.4490911285463,0.9091737040950274
805.053203598453,0.919722059912297
810.0217354313481,0.9306211817558907
814.9803984053576,0.9409770412828318
819.7938333296628,0.9505120514833948
824.0595414558119,0.9585215787216566
828.6497055033589,0.9666640161806749
833.8875707660424,0.9753349429090397
838.5866723081266,0.9825359655355039
839.1381587631795,0.9833445880472115
844.454470401577,0.9907399906494824
848.6443992218899,0.9960506576831953
853.7906023665961,1.001936440767226
856.955798659669,1.005202535275847
861.061280507363,1.009031904459034
864.989028631164,1.0122607379583906
869.8646002654746,1.0156710333532248
873.8788392911537,1.0179774494826326
878.6454487885522,1.0201234643693295
883.1549073489163,1.0215578977124953
886.220901376418,1.0222010219624658
890.4757251018718,1.022646974027725
893.4305893818405,1.0226509476688426
