302.0198119128929,0.6227611490231483
307.0311088009584,0.6600242764335705
312.0610980387796,0.6990036988555638
316.9300879054705,0.7382565768242974
322.10324782035923,0.7816146829525583
326.71786277246815,0.821736759677595
332.0533263701557,0.8698305366229409
337.2572478012572,0.9184999291122682
341.88022067458735,0.9631913184324516
347.31943128392777,1.0175167189255685
352.094401897882,1.0667477822506397
356.9508892862304,1.11827805364368
362.2263755266605,1.1758947259854409
367.2675531263515,1.232516587657284
372.3876980452246,1.2915512305010053
373.90322032537404,1.3093134626080878
377.8657755104757,1.3563638854648745
381.1999694849394,1.3966208372563995
382.3262194998611,1.4103539649998054
387.5224930920686,1.4745729433794201
392.31390322971816,1.5349929882586282
397.90136050639353,1.6068297971332277
402.36143463113814,1.6651719454756306
407.54927443926636,1.7340693951535133
412.8571769289125,1.8056178340723674
417.6086166039429,1.8704819705840507
419.92090335161663,1.9023008116109088
422.57274797463924,1.9389784996426274
425.1591771406743,1.9749287151690766
429.97338332207255,2.0422581063400616
434.7766282167337,2.109885904421326
439.8356300721118,2.1814874301948546
444.87598526689567,2.2530810697334167
449.8576755783047,2.3239643949949493
454.87390689581287,2.3953298700737546
459.76334917758084,2.4647516042852313
461.60500321890845,2.490837086545374
465.9473226677013,2.5521499130106804
470.9585049549827,2.6224699238396383
475.9146978286396,2.69141951818193
480.9481996491974,2.760685586378266
485.7803548176937,2.826319590624777
489.87735812768705,2.881204016381265
493.65362443768504,2.9310940483295194
498.349794041005,2.99210202401253
502.9754172945003,3.050956966095486
508.2098571102051,3.115926543364225
513.8522654353504,3.183829246266704
518.8356017749514,3.241796546520631
523.5629435701956,3.294912301761003
528.5425809152808,3.348755365607186
533.5401710548944,3.400483466688358
538.5808003846472,3.4501781718451827
543.449672407654,3.4956921542452717
548.5312235612619,3.5404627001113664
553.7639337811228,3.583521167548856
559.1044824625778,3.6241521073275234
564.146182128129,3.659324055250558
568.6484120104402,3.688036205364686
574.1317501692607,3.71947340139816
578.840664002697,3.743300488450626
583.7839023157819,3.765093814685149
588.5824485370737,3.7830396822939405
594.0044957172582,3.7994541492720892
598.7492983998563,3.8104145437096837
603.7882437576566,3.818543120374203
608.6849443962351,3.8229555230796226
609.9020993074305,3.8235173697742533
614.0757557966068,3.823824478539491
618.7701277547144,3.8211738475271795
621.4303641713011,3.8182658642414453
623.8803736598553,3.8146903480617618
628.7490550937887,3.8050415045586043
633.5285489347319,3.79229932731642
637.8145914768112,3.778144150637609
641.0789606638508,3.765650823845357
642.8954886227071,3.7580634642048145
647.2744246709362,3.7379263963624907
650.2747213393242,3.7226394688181785
653.1510697090265,3.706862919910262
654.4768595219693,3.6992255674954393
660.0399060346581,3.6647051430664126
664.96272997349,3.6308958369654007
670.1776840145145,3.5918434630367306
674.794491544297,3.5545820106340993
679.3896112353915,3.5150769813009894
685.1641401912344,3.462149030335945
689.2988219820476,3.4221011106438075
695.0868762734955,3.363177243962851
699.2485643901558,3.3188498909464967
702.2942038962065,3.2854225184450856
706.9058119994095,3.233297327485556
711.8696835378308,3.175271529991468
716.925116155912,3.1142743664791874
721.5772805696778,3.0565787385710372
726.2327448454776,2.9974658635710965
731.781168251613,2.9253860880226865
736.2009165040622,2.866832371313723
741.3806145036098,2.7970809258172356
743.6797570754636,2.7657707491806285
748.7058572518573,2.6966696016568785
753.5506367272993,2.629327592356489
758.6015950710644,2.5585008695635465
762.45702711144,2.504105645734938
767.1561588839468,2.437522752150999
771.7686920838867,2.3719701201803427
775.7431176177423,2.3154136927683786
780.4356037608616,2.2486502526563243
785.3053271687581,2.179488334730368
790.0885796268553,2.11178922419375
794.8182269181531,2.0451835289838516
800.4490911285463,1.96645911129679
805.053203598453,1.902657998617795
810.0217354313481,1.8344837968390435
814.9803984053576,1.767241952416405
819.7938333296628,1.7028191650475824
824.0595414558119,1.6464917000948547
828.6497055033589,1.5867445240322728
833.8875707660424,1.5197370364856193
838.5866723081266,1.4607487535600916
839.1381587631795,1.4538984958738856
844.454470401577,1.3886718534856117
848.6443992218899,1.3383295824832127
853.7906023665961,1.2778316140681043
856.955798659669,1.2413733519718273
861.061280507363,1.1949579164195343
864.989028631164,1.151492955694177
869.8646002654746,1.0988437477918316
873.8788392911537,1.0565974223410777
878.6454487885522,1.0077428998999596
883.1549073489163,0.9628465807183035
886.220901376418,0.9330611336340097
890.4757251018718,0.8927232369213212
893.4305893818405,0.8653931054587057
