0,5.009148004428902e-25
1,2.5548722004009577e-24
2,1.2764901511244177e-23
3,6.247535413085074e-23
4,2.9953181315294384e-22
5,1.406760466256957e-21
6,6.4720270716967635e-21
7,2.916778607718588e-20
8,1.287684825010166e-19
9,5.568762034715396e-19
10,2.3591236960305638e-18
11,9.790068633791838e-18
12,3.9798227542502747e-17
13,1.5848373425508112e-16
14,6.182279438984653e-16
15,2.3624114428618748e-15
16,8.84311788531599e-15
17,3.2426364643192784e-14
18,1.1647536510156408e-13
19,4.0983860953050754e-13
20,1.412650179767149e-12
21,4.769791105544798e-12
22,1.5776369173699153e-11
23,5.111610246747534e-11
24,1.622375481724097e-10
25,5.044149936285199e-10
26,1.5362700752530928e-09
27,4.583424959825127e-09
28,1.3395398885502487e-08
29,3.8349892082465885e-08
30,1.0755128721185614e-07
31,2.954677259028842e-07
32,7.951470596275732e-07
33,2.0961764413612053e-06
34,5.413163998296361e-06
35,1.3693595801347004e-05
36,3.3933354556655427e-05
37,8.237189476527514e-05
38,0.00019587287041989012
39,0.00045626009877938056
40,0.0010411029169154966
41,0.0023271147937592943
42,0.005095477890186843
43,0.010929366927147428
44,0.022964027717368083
45,0.04726548175862216
46,0.09529784633150436
47,0.18821968999679672
48,0.36415811494055184
49,0.6901728982940945
50,1.2813529740503222
51,2.330357932006819
52,4.1516377562812075
53,7.245347915244775
54,12.386311770836725
55,20.742817218401356
56,34.02800158071767
57,54.68246943029576
58,86.0801002372354
59,132.73956189321865
60,200.51227591134426
61,296.7047668198102
62,430.0817870396345
63,610.6896366969396
64,849.440609059254
65,1157.4132752365
66,1544.8519659909075
67,2019.8924745117831
68,2587.0963490104914
69,3245.9357987265494
70,3989.4242106685015
71,4803.120506691866
72,5664.7365576971115
73,6544.536931384256
74,7406.637655178097
75,8211.192721830093
76,8917.320226835645
77,9486.487760090466
78,9885.975033979226
79,10091.983660239237
80,10110.377220932613
81,10049.325122183345
82,9928.32469837884
83,9749.550304844783
84,9516.18188899409
85,9232.31091727714
86,8902.821106575711
87,8533.248815803121
88,8129.628667724675
89,7698.330400443907
90,7245.893079095156
91,6778.862635566771
92,6303.6382691315885
93,5826.332570175469
94,5352.649371108386
95,4887.7823394093075
96,4436.336267969727
97,4002.271947708219
98,3588.874483137197
99,3198.7439822861184
100,2833.8067575468926
101,2495.3445417260277
102,2184.038769985445
103,1900.0267077452597
104,1642.9661104935624
105,1412.1051680615467
106,1206.3546903608838
107,1024.3598060368085
108,864.5688395999936
109,725.2974756422426
110,604.7867815687312
111,501.2541168760443
112,412.93638560495435
113,338.125472357769
114,275.1960295162317
115,222.62604738108968
116,179.01083781764086
117,143.0711974884822
118,113.65659385020365
119,89.7442429947911
120,70.4349317339039
121,54.94638627609968
122,42.60491560402952
123,32.83596781020755
124,25.15413982012735
125,19.15308153620413
126,14.495639569740716
127,10.904497159257014
128,8.153488124950938
129,6.05969519903997
130,4.476387291696031
131,3.2868059607067117
132,2.398777768307909
133,1.7401051883709313
134,1.2546729246008432
135,0.8991974940431289
136,0.6405443239177685
137,0.4535371052598975
138,0.3191875902504278
139,0.22327942736583992
140,0.15524619291506234
141,0.1072908647022393
142,0.07370111693267069
143,0.050321656770149624
144,0.034151149818307275
145,0.02303696523400653
146,0.015445954136937013
147,0.01029375322387159
148,0.006818711276424822
149,0.004489524936166623
150,0.0029381097347763595
151,0.0019111957616069508
152,0.0012356966594326915
153,0.0007941236116675983
154,0.0005072638143593807
155,0.00032206919997928527
156,0.00020325163293385888
157,0.00012749361335689325
158,7.948997378282258e-05
159,4.926129393163129e-05
160,3.034371942695812e-05
161,1.857810231664668e-05
162,1.1305855337923155e-05
163,6.8387233528292455e-06
164,4.111650432543075e-06
165,2.457122850107005e-06
166,1.4595100655970144e-06
167,8.617015135088857e-07
168,5.056804391929397e-07
169,2.949612674463354e-07
170,1.7101073142406665e-07
171,9.854878532946217e-08
172,5.644802148643908e-08
173,3.213776795034432e-08
174,1.818663012413242e-08
175,1.0229591597981572e-08
176,5.7191816959403454e-09
177,3.1781839510046984e-09
178,1.7554711797308282e-09
179,9.637800116294395e-10
180,5.259345038612488e-10
181,2.852692429986167e-10
182,1.5379696781899599e-10
183,8.24157346531996e-11
184,4.389772695154273e-11
185,2.3240393056134608e-11
186,1.2229661663778332e-11
187,6.396684832290764e-12
188,3.3255616388109043e-12
189,1.7184804182465857e-12
190,8.826605393746077e-13
191,4.5062198072256233e-13
192,2.286654607356974e-13
193,1.1533425284436447e-13
194,5.782099753888364e-14
195,2.8812596070528064e-14
196,1.4270813783988374e-14
197,7.025619497896444e-15
198,3.4378747351969726e-15
199,1.6721106354400029e-15
200,8.083687339104311e-16
201,3.884396403319215e-16
202,1.8552699768657463e-16
203,8.807653633185469e-17
204,4.156070209978052e-17
205,1.949283745634633e-17
206,9.087340151961848e-18
207,4.210833266788627e-18
208,1.9394064852477697e-18
209,8.878491417588281e-19
210,4.0399784860981773e-19
211,1.82720999856448e-19
212,8.214240443880355e-20
213,3.670421133684363e-20
214,1.630173841381618e-20
215,7.196502499110649e-21
216,3.157756069995036e-21
217,1.3772260039902263e-21
218,5.970371937007988e-22
219,2.5725693899091466e-22
220,1.1017989289148808e-22
221,4.690370302037341e-23
222,1.9846386937298105e-23
223,8.346902006399901e-24
224,3.489303232995831e-24
225,1.4498452441419408e-24
226,5.987894242106854e-25
227,2.458080670563745e-25
228,1.0029693918007037e-25
229,4.0676985909364197e-26
230,1.6397566011207795e-26
231,6.570214498993432e-27
232,2.616671752583745e-27
233,1.0358299915896086e-27
234,4.0756534986930675e-28
235,1.5939531952710577e-28
236,6.196171252332961e-29
237,2.394091792327392e-29
238,9.194491603542416e-30
239,3.509814637172542e-30
240,1.3317115872112404e-30
241,5.022335417703745e-31
242,1.8826551927854804e-31
243,7.014640150512364e-32
244,2.597822921541868e-32
245,9.562759412808654e-33
246,3.498859088643364e-33
247,1.2724455651730045e-33
248,4.599615301437659e-34
249,1.6526212972467532e-34
250,5.901939017661468e-35
251,2.095007721142506e-35
252,7.391729669564875e-36
253,2.5922450899982933e-36
254,9.035986701851368e-37
