0.0,26.24378464715775
1.0,28.170746420763248
2.0,30.22290712599163
3.0,32.40709573201512
4.0,34.73041563708069
5.0,37.20024864751991
6.0,39.82425846675166
7.0,42.6103936474839
8.0,45.566889959078836
9.0,48.70227212092244
10.0,52.02535485166371
11.0,55.5452431833607
12.0,59.2713319889184
13.0,63.21330467073256
14.0,67.38113095818295
15.0,71.78506376156565
16.0,76.43563503022705
17.0,81.3436505630812
18.0,86.52018372036834
19.0,91.97656798645995
20.0,97.72438833474895
21.0,103.77547134719138
22.0,110.14187404290494
23.0,116.83587137238365
24.0,123.86994233637085
25.0,131.25675469125343
26.0,139.00914820599738
27.0,147.14011643915606
28.0,155.66278700833857
29.0,164.59040032873747
30.0,173.93628680187967
31.0,183.71384244067534
32.0,193.93650292210194
33.0,204.61771606445944
34.0,215.7709127320635
35.0,227.40947617649553
36.0,239.54670983008916
37.0,252.19580357417985
38.0,265.3697985117747
39.0,279.08155028167056
40.0,293.34369095866083
41.0,308.16858959228324
42.0,323.56831144454264
43.0,339.55457599518587
44.0,356.13871379134235
45.0,373.331622226676
46.0,391.1437203435504
47.0,409.5849027600777
48.0,428.664492832244
49.0,448.3911951695413
50.0,468.7730476306451
51.0,489.817372933613
52.0,511.53073002278717
53.0,533.9188653420252
54.0,556.9866641709987
55.0,580.7381021880498
56.0,605.1761974294177
57.0,630.3029628205087
58.0,656.1193594602131
59.0,682.6252508440449
60.0,709.8193582160277
61.0,737.6992172427399
62.0,766.2611362057127
63.0,795.5001559104073
64.0,825.4100115112354
65.0,855.9830964525066
66.0,887.2104287247355
67.0,919.0816196344033
68.0,951.5848452830077
69.0,984.706820948039
70.0,1018.4327785543478
71.0,1052.7464474192402
72.0,1087.6300384485062
73.0,1123.0642319534734
74.0,1159.0281692510823
75.0,1195.4994481998835
76.0,1232.4541228148132
77.0,1269.8667070925885
78.0,1307.7101831676277
79.0,1345.9560139055684
80.0,1384.574160027746
81.0,1423.5331018454797
82.0,1462.7998656676943
83.0,1502.3400549293976
84.0,1542.1178860718155
85.0,1582.096229187708
86.0,1622.2366534275336
87.0,1662.4994771438467
88.0,1702.8438227326167
89.0,1743.2276761111755
90.0,1783.607950753289
91.0,1823.9405561825101
92.0,1864.1804708056025
93.0,1904.281818948494
94.0,1944.1979519380586
95.0,1983.8815330541079
96.0,2023.284626157393
97.0,2062.3587877813056
98.0,2101.055162457379
99.0,2139.3245810277467
100.0,2177.1176616815287
101.0,2214.3849134367288
102.0,2251.07684177479
103.0,2287.14405612151
104.0,2322.5373788556767
105.0,2357.2079555156097
106.0,2391.1073658638725
107.0,2424.1877354618046
108.0,2456.401847398301
109.0,2487.70325381147
110.0,2518.046386837477
111.0,2547.3866686181264
112.0,2575.680619997474
113.0,2602.8859675381577
114.0,2628.9617484900873
115.0,2653.8684133477077
116.0,2677.5679256372787
117.0,2700.023858582385
118.0,2721.201488304307
119.0,2741.0678832238455
120.0,2759.5919893426703
121.0,2776.7447110952744
122.0,2792.4989874769954
123.0,2806.8298631694047
124.0,2819.714554401447
125.0,2831.1325093030696
126.0,2841.06546252758
127.0,2849.4974839395404
128.0,2856.4150211865413
129.0,2861.806935995612
130.0,2865.6645340582004
131.0,2867.981588391479
132.0,2868.754356088121
133.0,2867.981588391479
134.0,2865.6645340582004
135.0,2861.806935995612
136.0,2856.4150211865413
137.0,2849.4974839395404
138.0,2841.06546252758
139.0,2831.1325093030696
140.0,2819.714554401447
141.0,2806.8298631694047
142.0,2792.4989874769954
143.0,2776.7447110952744
144.0,2759.5919893426703
145.0,2741.0678832238455
146.0,2721.201488304307
147.0,2700.023858582385
148.0,2677.5679256372787
149.0,2653.8684133477077
150.0,2628.9617484900873
151.0,2602.8859675381577
152.0,2575.680619997474
153.0,2547.3866686181264
154.0,2518.046386837477
155.0,2487.70325381147
156.0,2456.401847398301
157.0,2424.1877354618046
158.0,2391.1073658638725
159.0,2357.2079555156097
160.0,2322.5373788556767
161.0,2287.14405612151
162.0,2251.07684177479
163.0,2214.3849134367288
164.0,2177.1176616815287
165.0,2139.3245810277467
166.0,2101.055162457379
167.0,2062.3587877813056
168.0,2023.284626157393
169.0,1983.8815330541079
170.0,1944.1979519380586
171.0,1904.281818948494
172.0,1864.1804708056025
173.0,1823.9405561825101
174.0,1783.607950753289
175.0,1743.2276761111755
176.0,1702.8438227326167
177.0,1662.4994771438467
178.0,1622.2366534275336
179.0,1582.096229187708
180.0,1542.1178860718155
181.0,1502.3400549293976
182.0,1462.7998656676943
183.0,1423.5331018454797
184.0,1384.574160027746
185.0,1345.9560139055684
186.0,1307.7101831676277
187.0,1269.8667070925885
188.0,1232.4541228148132
189.0,1195.4994481998835
190.0,1159.0281692510823
191.0,1123.0642319534734
192.0,1087.6300384485062
193.0,1052.7464474192402
194.0,1018.4327785543478
195.0,984.706820948039
196.0,951.5848452830077
197.0,919.0816196344033
198.0,887.2104287247355
199.0,855.9830964525066
200.0,825.4100115112354
201.0,795.5001559104073
202.0,766.2611362057127
203.0,737.6992172427399
204.0,709.8193582160277
205.0,682.6252508440449
206.0,656.1193594602131
207.0,630.3029628205087
208.0,605.1761974294177
209.0,580.7381021880498
210.0,556.9866641709987
211.0,533.9188653420252
212.0,511.53073002278717
213.0,489.817372933613
214.0,468.7730476306451
215.0,448.3911951695413
216.0,428.664492832244
217.0,409.5849027600777
218.0,391.1437203435504
219.0,373.331622226676
220.0,356.13871379134235
221.0,339.55457599518587
222.0,323.56831144454264
223.0,308.16858959228324
224.0,293.34369095866083
225.0,279.08155028167056
226.0,265.3697985117747
227.0,252.19580357417985
228.0,239.54670983008916
229.0,227.40947617649553
230.0,215.7709127320635
231.0,204.61771606445944
232.0,193.93650292210194
233.0,183.71384244067534
234.0,173.93628680187967
235.0,164.59040032873747
236.0,155.66278700833857
237.0,147.14011643915606
238.0,139.00914820599738
239.0,131.25675469125343
240.0,123.86994233637085
241.0,116.83587137238365
242.0,110.14187404290494
243.0,103.77547134719138
244.0,97.72438833474895
245.0,91.97656798645995
246.0,86.52018372036834
247.0,81.3436505630812
248.0,76.43563503022705
249.0,71.78506376156565
250.0,67.38113095818295
251.0,63.21330467073256
252.0,59.2713319889184
253.0,55.5452431833607
254.0,52.02535485166371
