0,7.373173573564862e-15
1,1.209524516868424e-14
2,1.9780800863682693e-14
3,3.225091516313416e-14
4,5.24214695830274e-14
5,8.494646638135734e-14
6,1.3723042888160337e-13
7,2.2101639991758142e-13
8,3.548685870971609e-13
9,5.680408795663738e-13
10,9.064849582826813e-13
11,1.4421505165228174e-12
12,2.287333836957519e-12
13,3.6167417241394486e-12
14,5.701306841077037e-12
15,8.95984116548444e-12
16,1.4037675003333678e-11
17,2.192598098751978e-11
18,3.4142228127524385e-11
19,5.300217155382883e-11
20,8.202843844311589e-11
21,1.2656225425977834e-10
22,1.9467623397921254e-10
23,2.9853183312922605e-10
24,4.5639127815566406e-10
25,6.955894745315411e-10
26,1.0569091171114487e-09
27,1.6009997484410792e-09
28,2.417763740405525e-09
29,3.6400339437660095e-09
30,5.463437558550494e-09
31,8.17514588324404e-09
32,1.2195342888898784e-08
33,1.8136834787446743e-08
34,2.689044289286513e-08
35,3.974691174592988e-08
36,5.857034777533573e-08
37,8.604411895292922e-08
38,1.2601828304450653e-07
39,1.8399876218820666e-07
40,2.678337003900751e-07
41,3.886731308658266e-07
42,5.62306097404246e-07
43,8.110171610480111e-07
44,1.1661549820645813e-06
45,1.6716735737695402e-06
46,2.3889973010922167e-06
47,3.403680747540214e-06
48,4.834493204666875e-06
49,6.845766267532655e-06
50,9.664116508062745e-06
51,1.3601012005989789e-05
52,1.9083115017794446e-05
53,2.669293253285986e-05
54,3.722307836567244e-05
55,5.174843991880428e-05
56,7.172180541526492e-05
57,9.910011126520144e-05
58,0.0001365104970165435
59,0.00018746790696670722
60,0.00025665917287838355
61,0.00035031249418490315
62,0.00047667616949443063
63,0.0006466365242664065
64,0.00087451245477977
65,0.0011790731337633265
66,0.0015848365018699114
67,0.0021237195445622747
68,0.002837127409071479
69,0.0037785875733168587
70,0.005017057996979722
71,0.00664106495444827
72,0.008763857583000134
73,0.011529802600739178
74,0.015122284674472183
75,0.01977342603642592
76,0.025775993592341836
77,0.03349792327242083
78,0.04339995995759784
79,0.05605698699014796
80,0.07218370183230664
81,0.09266538334625526
82,0.11859459053264754
83,0.15131473102673693
84,0.19247153831838695
85,0.2440735970226429
86,0.30856315236884263
87,0.3888985294115257
88,0.4886495644709483
89,0.612107510276388
90,0.7644109105976622
91,0.9516889422995136
92,1.181223684383146
93,1.4616326855823685
94,1.8030730547537646
95,2.2174680815531023
96,2.718757098536732
97,3.3231689099378343
98,4.049518627704875
99,4.919527163912323
100,5.958161924094622
101,7.193996424556114
102,8.65958561750626
103,10.391852653994851
104,12.432481653617813
105,14.828309794558207
106,17.631710706246718
107,20.900959764601758
108,24.70057048793292
109,29.10158984847413
110,34.18183899519976
111,40.02608467948946
112,46.726125643437264
113,54.38077743288349
114,63.09573859853052
115,72.98332111515343
116,84.1620281465587
117,96.75596307494366
118,110.89405505399196
119,126.7090882826622
120,144.33652476625088
121,163.91311355265182
122,185.57528330612658
123,209.45731958856385
124,235.68933331587826
125,264.39503247643177
126,295.68931524446964
127,329.67570897356495
128,366.4436860664969
129,406.0658942189771
130,448.5953448349828
131,494.0626093049936
132,542.4730781084537
133,593.8043421275365
134,648.0037589233011
135,704.9862688214603
136,764.6325262967888
137,826.7874111745526
138,891.258981462536
139,957.8179251108259
140,1026.1975616417828
141,1096.0944364290333
142,1167.169540521033
143,1239.0501774523352
144,1311.3324856754903
145,1383.584611347778
146,1455.3505115415571
147,1526.1543528816944
148,1595.5054555501692
149,1662.903717961736
150,1727.845443640631
151,1789.8294793474713
152,1848.3635627289802
153,1902.9707690677378
154,1953.1959404227343
155,1998.6119768398405
156,2038.8258685667695
157,2073.484350439454
158,2102.2790648369087
159,2124.9511277585475
160,2141.2950034984956
161,2151.161606824421
162,2154.4605671808363
163,2151.161606824421
164,2141.2950034984956
165,2124.9511277585475
166,2102.2790648369087
167,2073.484350439454
168,2038.8258685667695
169,1998.6119768398405
170,1953.1959404227343
171,1902.9707690677378
172,1848.3635627289802
173,1789.8294793474713
174,1727.845443640631
175,1662.903717961736
176,1595.5054555501692
177,1526.1543528816944
178,1455.3505115415571
179,1383.584611347778
180,1311.3324856754903
181,1239.0501774523352
182,1167.169540521033
183,1096.0944364290333
184,1026.1975616417828
185,957.8179251108259
186,891.258981462536
187,826.7874111745526
188,764.6325262967888
189,704.9862688214603
190,648.0037589233011
191,593.8043421275365
192,542.4730781084537
193,494.0626093049936
194,448.5953448349828
195,406.0658942189771
196,366.4436860664969
197,329.67570897356495
198,295.68931524446964
199,264.39503247643177
200,235.68933331587826
201,209.45731958856385
202,185.57528330612658
203,163.91311355265182
204,144.33652476625088
205,126.7090882826622
206,110.89405505399196
207,96.75596307494366
208,84.1620281465587
209,72.98332111515343
210,63.09573859853052
211,54.38077743288349
212,46.726125643437264
213,40.02608467948946
214,34.18183899519976
215,29.10158984847413
216,24.70057048793292
217,20.900959764601758
218,17.631710706246718
219,14.828309794558207
220,12.432481653617813
221,10.391852653994851
222,8.65958561750626
223,7.193996424556114
224,5.958161924094622
225,4.919527163912323
226,4.049518627704875
227,3.3231689099378343
228,2.718757098536732
229,2.2174680815531023
230,1.8030730547537646
231,1.4616326855823685
232,1.181223684383146
233,0.9516889422995136
234,0.7644109105976622
235,0.612107510276388
236,0.4886495644709483
237,0.3888985294115257
238,0.30856315236884263
239,0.2440735970226429
240,0.19247153831838695
241,0.15131473102673693
242,0.11859459053264754
243,0.09266538334625526
244,0.07218370183230664
245,0.05605698699014796
246,0.04339995995759784
247,0.03349792327242083
248,0.025775993592341836
249,0.01977342603642592
250,0.015122284674472183
251,0.011529802600739178
252,0.008763857583000134
253,0.00664106495444827
254,0.005017057996979722
