0,1.1160626245585462e-12
1,3.821075105472707e-12
2,1.2800368124769479e-11
3,4.195649699385056e-11
4,1.345599628773759e-10
5,4.2225263853171485e-10
6,1.2964887760562368e-09
7,3.894978158055618e-09
8,1.1449358860778373e-08
9,3.293041356470438e-08
10,9.267296923499365e-08
11,2.551813008390447e-07
12,6.875186632637154e-07
13,1.8124248696001734e-06
14,4.674933199962652e-06
15,1.1798605558021819e-05
16,2.9135725114341867e-05
17,7.039808665869354e-05
18,0.0001664315876973185
19,0.0003849909606830748
20,0.0008713751793244998
21,0.0019297440630503485
22,0.004181519416849076
23,0.008865605413322283
24,0.01839172879370074
25,0.037331598491068436
26,0.07414305798785815
27,0.14408019190364985
28,0.27395418433050783
29,0.5096728199948575
30,0.927779742595256
31,1.652487463760055
32,2.8798597442117595
33,4.910711005371146
34,8.193270480170302
35,13.375501785943435
36,21.364992813673776
37,33.391451230503876
38,51.06316310564622
39,76.40468839360032
40,111.85932130948251
41,160.2375245360572
42,224.59296575387555
43,308.0122214531131
44,413.3135314451401
45,542.6642036203009
46,697.1441724934078
47,876.30220417356
48,1077.767498399004
49,1296.9885355320266
50,1527.168887454813
51,1759.4538267175597
52,1983.3919969169824
53,2187.656417091987
54,2360.9650003644374
55,2493.100921179952
56,2575.9062051025003
57,2604.1146891816534
58,2602.5539995509557
59,2597.8775405018273
60,2590.102107969283
61,2579.2555834802884
62,2565.3767675889903
63,2548.515148639809
64,2528.730608786925
65,2506.0930697140316
66,2480.6820809874553
67,2452.5863544337662
68,2421.9032483551105
69,2388.7382057775144
70,2353.2041512655424
71,2315.420851127867
72,2275.514242079931
73,2233.615733620001
74,2189.8614895122605
75,2144.391693854521
76,2097.34980723856
77,2048.8818184887864
78,1999.135497390982
79,1948.2596536992014
80,1896.4034075378775
81,1843.7154761006461
82,1790.3434812907506
83,1736.4332826538462
84,1682.1283396266897
85,1627.56910676898
86,1572.8924652650728
87,1518.2311935822222
88,1463.7134797572037
89,1409.4624773585672
90,1355.5959067420997
91,1302.225702787152
92,1249.4577098757852
93,1197.3914244596226
94,1146.1197851548882
95,1095.729009918201
96,1046.298479487661
97,997.9006659287251
98,950.6011048049342
99,904.4584092020543
100,859.5243235723625
101,815.8438151351348
102,773.4552003707855
103,732.3903039801394
104,692.6746475471363
105,654.3276650426069
106,617.3629422380225
107,581.788477060343
108,547.6069579110111
109,514.8160569922194
110,483.4087357300295
111,453.3735594547614
112,424.6950185921323
113,397.35385373162677
114,371.32738206912927
115,346.5898228665174
116,323.1126197292171
117,300.8647576712213
118,279.8130731133382
119,259.92255514213053
120,241.15663654186613
121,223.47747329769354
122,206.8462114531769
123,191.2232403874184
124,176.5684317545801
125,162.841363500171
126,150.00152853266252
127,138.00852778467745
128,126.8222475442068
129,116.40302107225841
130,106.71177464842904
131,97.71015829968555
132,89.36066156987513
133,81.62671477804369
134,74.47277629255882
135,67.86440641546706
136,61.76832852774627
137,56.15247819152449
138,50.98604094040175
139,46.2394795142806
140,41.88455131120009
141,37.894316836239206
142,34.24313992730965
143,30.906680530321573
144,27.861880782514994
145,25.08694514344941
146,22.561315288966444
147,20.26564045510672
148,18.181743887168732
149,16.292586014511233
150,14.582224934956749
151,13.035774754342611
152,11.639362287441916
153,10.38008258664347
154,9.245953724898097
155,8.225871219919439
156,7.309562447834335
157,6.487541356729033
158,5.751063754101597
159,5.092083407336435
160,4.503209163146025
161,3.977663260623051
162,3.5092409832191485
163,3.0922717676872993
164,2.7215818628344035
165,2.392458607841504
166,2.10061637890928
167,1.842164234041219
168,1.6135752688332363
169,1.4116576811264798
170,1.2335275292173442
171,1.0765831569114765
172,0.9384812489555018
173,0.8171144721733914
174,0.7105906508627589
175,0.61721341955614
176,0.5354642920098455
177,0.4639860821354779
178,0.4015676104262677
179,0.347129628144983
180,0.29971189102954293
181,0.2584613144388549
182,0.22262114261235288
183,0.19152106596600177
184,0.16456822201474014
185,0.1412390175225626
186,0.12107171176909501
187,0.10365970332421272
188,0.08864546538490306
189,0.07571507750195251
190,0.06459330436475716
191,0.05503917518257805
192,0.04684202006707946
193,0.03981792265590173
194,0.03380655099673384
195,0.0286683314163078
196,0.024281932713107527
197,0.020542030523904485
198,0.01735732411302271
199,0.014648780112710562
200,0.012348079898701191
201,0.010396249314578044
202,0.008742451361278967
203,0.007342924244829524
204,0.006160048828294322
205,0.005161531066116097
206,0.004319686414443395
207,0.0036108145143507898
208,0.0030146536411442253
209,0.002513905507682289
210,0.0020938220085263914
211,0.0017418464005746
212,0.001447302240484794
213,0.0012011241454588381
214,0.000995625117540895
215,0.0008242957780230286
216,0.0006816314031964524
217,0.0005629831406547232
218,0.0004644302215131336
219,0.0003826703728566691
220,0.00031492598079128643
221,0.0002588638616938762
222,0.00021252677139848184
223,0.00017427502260750018
224,0.0001427367929940754
225,0.00011676589322271232
226,9.540592816638609e-05
227,7.785992840985022e-05
228,6.346465494561066e-05
229,5.1668889825644165e-05
230,4.201512126604388e-05
231,3.4124114968185505e-05
232,2.7681935704482285e-05
233,2.2429045849489412e-05
234,1.815116170557519e-05
235,1.4671595233946732e-05
236,1.1844849095487465e-05
237,9.551267563313352e-06
238,7.69257562503684e-06
239,6.188164095104971e-06
240,4.972000375718855e-06
241,3.990063138288311e-06
242,3.198215083305969e-06
243,2.560441456685844e-06
244,2.047393487597741e-06
245,1.6351856557794488e-06
246,1.3044039460458902e-06
247,1.039289221354626e-06
248,8.270657308819368e-07
249,6.573897277894214e-07
250,5.218973418037117e-07
251,4.138343538058103e-07
252,3.277534556501381e-07
253,2.592670359065251e-07
254,2.0484558582194233e-07
