6.0,516.2776478586009
7.0,525.9048568283291
8.0,535.6280701528202
9.0,545.4460030841701
10.0,555.3573025179372
11.0,565.3605465917212
12.0,575.4542443305011
13.0,585.6368353399081
14.0,595.9066895485959
15.0,606.262107000819
16.0,616.70131770031
17.0,627.2224815064983
18.0,637.8236880840798
19.0,648.5029569069029
20.0,659.2582373170947
21.0,670.0874086403031
22.0,680.9882803578884
23.0,691.9585923368439
24.0,702.9960151181792
25.0,714.0981502644424
26.0,725.26253076701
27.0,736.4866215137096
28.0,747.7678198172906
29.0,759.1034560051943
30.0,770.4907940710171
31.0,781.9270323879963
32.0,793.4093044847879
33.0,804.9346798837385
34.0,816.5001650017904
35.0,828.1027041140886
36.0,839.7391803802952
37.0,851.4064169335423
38.0,863.1011780318918
39.0,874.8201702720903
40.0,886.5600438653488
41.0,898.3173939747891
42.0,910.0887621141414
43.0,921.8706376071968
44.0,933.6594591074415
45.0,945.4516161772383
46.0,957.2434509258334
47.0,969.0312597054013
48.0,980.8112948642654
49.0,992.5797665563541
50.0,1004.3328446058869
51.0,1016.066660426202
52.0,1027.777308991573
53.0,1039.460850860786
54.0,1051.1133142511771
55.0,1062.7306971617634
56.0,1074.308969544024
57.0,1085.8440755188285
58.0,1097.3319356379347
59.0,1108.7684491884147
60.0,1120.1494965383054
61.0,1131.4709415217108
62.0,1142.7286338615277
63.0,1153.918411627902
64.0,1165.0361037304651
65.0,1176.0775324423462
66.0,1187.0385159538955
67.0,1197.914870954009
68.0,1208.702415236887
69.0,1219.3969703320154
70.0,1229.9943641551122
71.0,1240.4904336777358
72.0,1250.881027613213
73.0,1261.1620091165053
74.0,1271.3292584955968
75.0,1281.3786759319537
76.0,1291.306184207573
77.0,1301.107731436116
78.0,1310.7792937955917
79.0,1320.316878260038
80.0,1329.7165253276253
81.0,1338.9743117426
82.0,1348.0863532084636
83.0,1357.048807089779
84.0,1365.8578750999911
85.0,1374.509805972642
86.0,1383.000898113364
87.0,1391.3275022300388
88.0,1399.4860239385137
89.0,1407.472926341282
90.0,1415.2847325765435
91.0,1422.918028335085
92.0,1430.3694643424255
93.0,1437.6357588037213
94.0,1444.713699808921
95.0,1451.6001476957194
96.0,1458.2920373678717
97.0,1464.78638056648
98.0,1471.080268091895
99.0,1477.1708719739265
100.0,1483.055447588091
101.0,1488.7313357156888
102.0,1494.1959645455431
103.0,1499.4468516152924
104.0,1504.4816056901877
105.0,1509.297928577404
106.0,1513.8936168739372
107.0,1518.2665636462302
108.0,1522.4147600397325
109.0,1526.3362968166743
110.0,1530.0293658204052
111.0,1533.492261364729
112.0,1536.723381546736
113.0,1539.7212294817211
114.0,1542.4844144588562
115.0,1545.011653016362
116.0,1547.3017699350235
117.0,1549.353699148966
118.0,1551.166484572708
119.0,1552.7392808435898
120.0,1554.0713539787716
121.0,1555.1620819460888
122.0,1556.0109551481366
123.0,1556.6175768190644
124.0,1556.981663333642
125.0,1557.103044428263
126.0,1556.981663333642
127.0,1556.6175768190644
128.0,1556.0109551481366
129.0,1555.1620819460888
130.0,1554.0713539787716
131.0,1552.7392808435898
132.0,1551.166484572708
133.0,1549.353699148966
134.0,1547.3017699350235
135.0,1545.011653016362
136.0,1542.4844144588562
137.0,1539.7212294817211
138.0,1536.723381546736
139.0,1533.492261364729
140.0,1530.0293658204052
141.0,1526.3362968166743
142.0,1522.4147600397325
143.0,1518.2665636462302
144.0,1513.8936168739372
145.0,1509.297928577404
146.0,1504.4816056901877
147.0,1499.4468516152924
148.0,1494.1959645455431
149.0,1488.7313357156888
150.0,1483.055447588091
151.0,1477.1708719739265
152.0,1471.080268091895
153.0,1464.78638056648
154.0,1458.2920373678717
155.0,1451.6001476957194
156.0,1444.713699808921
157.0,1437.6357588037213
158.0,1430.3694643424255
159.0,1422.918028335085
160.0,1415.2847325765435
161.0,1407.472926341282
162.0,1399.4860239385137
163.0,1391.3275022300388
164.0,1383.000898113364
165.0,1374.509805972642
166.0,1365.8578750999911
167.0,1357.048807089779
168.0,1348.0863532084636
169.0,1338.9743117426
170.0,1329.7165253276253
171.0,1320.316878260038
172.0,1310.7792937955917
173.0,1301.107731436116
174.0,1291.306184207573
175.0,1281.3786759319537
176.0,1271.3292584955968
177.0,1261.1620091165053
178.0,1250.881027613213
179.0,1240.4904336777358
180.0,1229.9943641551122
181.0,1219.3969703320154
182.0,1208.702415236887
183.0,1197.914870954009
184.0,1187.0385159538955
185.0,1176.0775324423462
186.0,1165.0361037304651
187.0,1153.918411627902
188.0,1142.7286338615277
189.0,1131.4709415217108
190.0,1120.1494965383054
191.0,1108.7684491884147
192.0,1097.3319356379347
193.0,1085.8440755188285
194.0,1074.308969544024
195.0,1062.7306971617634
196.0,1051.1133142511771
197.0,1039.460850860786
198.0,1027.777308991573
199.0,1016.066660426202
200.0,1004.3328446058869
201.0,992.5797665563541
202.0,980.8112948642654
203.0,969.0312597054013
204.0,957.2434509258334
205.0,945.4516161772383
206.0,933.6594591074415
207.0,921.8706376071968
208.0,910.0887621141414
209.0,898.3173939747891
210.0,886.5600438653488
211.0,874.8201702720903
212.0,863.1011780318918
213.0,851.4064169335423
214.0,839.7391803802952
215.0,828.1027041140886
216.0,816.5001650017904
217.0,804.9346798837385
218.0,793.4093044847879
219.0,781.9270323879963
220.0,770.4907940710171
221.0,759.1034560051943
222.0,747.7678198172906
223.0,736.4866215137096
224.0,725.26253076701
225.0,714.0981502644424
226.0,702.9960151181792
227.0,691.9585923368439
228.0,680.9882803578884
229.0,670.0874086403031
230.0,659.2582373170947
231.0,648.5029569069029
232.0,637.8236880840798
233.0,627.2224815064983
234.0,616.70131770031
235.0,606.262107000819
236.0,595.9066895485959
237.0,585.6368353399081
238.0,575.4542443305011
239.0,565.3605465917212
240.0,555.3573025179372
241.0,545.4460030841701
242.0,535.6280701528202
243.0,525.9048568283291
244.0,516.2776478586009
245.0,506.7476600819625
246.0,497.31604291842706
247.0,487.9838789039897
248.0,478.75218426667084
249.0,469.6219095429931
250.0,460.5939402335624
251.0,451.66909749640826
252.0,442.8481388767179
253.0,434.1317590715911
254.0,425.5205907284279
255.0,417.0152052755531
