6.0,643.3337731185381
7.0,658.5124567663339
8.0,674.7918726582595
9.0,692.3234180182941
10.0,711.2757675752708
11.0,731.8357406228729
12.0,754.2089967109182
13.0,778.620511390815
14.0,805.3147799246575
15.0,834.5556942424017
16.0,866.6260369481834
17.0,901.8265360925529
18.0,940.4744259942993
19.0,982.9014628490337
20.0,1029.451349408172
21.0,1080.4765308153208
22.0,1136.3343338552554
23.0,1197.3824344420368
24.0,1263.9736531037088
25.0,1336.4500953748357
26.0,1415.1366731468916
27.0,1500.3340638054788
28.0,1592.3111859497171
29.0,1691.2972930851415
30.0,1797.4738092523903
31.0,1910.966052361753
32.0,2031.8350112454673
33.0,2160.069360271802
34.0,2295.5779099315914
35.0,2438.182702273142
36.0,2587.61296564506
37.0,2743.5001432202002
38.0,2905.3742036582753
39.0,3072.661429623831
40.0,3244.683860509587
41.0,3420.6605396426617
42.0,3599.7106837330143
43.0,3780.858853869742
44.0,3963.042163742555
45.0,4145.119512964618
46.0,4325.882782620326
47.0,4504.069877867022
48.0,4678.37945013865
49.0,4847.487080882721
50.0,5010.062661498025
51.0,5164.78866189204
52.0,5310.378944416157
53.0,5445.597752280557
54.0,5569.278483099087
55.0,5680.341849896587
56.0,5777.813034338301
57.0,5860.837450373174
58.0,5928.694760807348
59.0,5980.810824050088
60.0,6016.767292541519
61.0,6036.3086369756875
62.0,6039.346429864741
63.0,6025.960786489575
64.0,5996.398928899878
65.0,5951.070907296691
66.0,5890.542580748172
67.0,5815.526023688832
68.0,5726.867584084796
69.0,5625.533871751786
70.0,5512.595999579697
71.0,5389.212435143574
72.0,5256.6108445053505
73.0,5116.069323442872
74.0,4968.8974137699815
75.0,4816.417294093575
76.0,4659.945515902065
77.0,4500.775628223495
78.0,4340.161998430705
79.0,4179.305094522583
80.0,4019.338446946498
81.0,3861.317457410473
82.0,3706.2101698527017
83.0,3554.8900664415196
84.0,3408.1309007263744
85.0,3266.6035322592998
86.0,3130.874683378129
87.0,3001.407500389092
88.0,2878.5637688683146
89.0,2762.607606729345
90.0,2653.710439337223
91.0,2551.957048308842
92.0,2457.3524795237986
93.0,2369.8295958836684
94.0,2289.2570659413477
95.0,2215.4475899874888
96.0,2148.166179747753
97.0,2087.138325676873
98.0,2032.0579060774248
99.0,1982.5947140791193
100.0,1938.401501085458
101.0,1899.1204578907063
102.0,1864.3890766366203
103.0,1833.845357557423
104.0,1807.1323436004072
105.0,1783.9019831634587
106.0,1763.8183361218105
107.0,1746.560150887813
108.0,1731.8228504157942
109.0,1719.319972867581
110.0,1708.7841182008224
111.0,1699.9674553958807
112.0,1692.6418466040695
113.0,1686.5986444158452
114.0,1681.6482169642954
115.0,1677.6192529543669
116.0,1674.3578951949607
117.0,1671.7267470501633
118.0,1669.6037916396947
119.0,1667.8812588062065
120.0,1666.4644700011393
121.0,1665.2706864666245
122.0,1664.2279815256106
123.0,1663.2741535262428
124.0,1662.3556920843557
125.0,1661.4268067717064
126.0,1660.4485243289178
127.0,1659.3878578455565
128.0,1658.2170491356715
129.0,1656.9128837247686
130.0,1655.4560764246005
131.0,1653.830724370678
132.0,1652.023823596034
133.0,1650.0248446740954
134.0,1647.8253626442513
135.0,1645.4187362981431
136.0,1642.7998319174237
137.0,1639.9647866824826
138.0,1636.9108071876278
139.0,1633.6359987763158
140.0,1630.13922172886
141.0,1626.41997067676
142.0,1622.4782739679638
143.0,1618.3146100545832
144.0,1613.9298383101877
145.0,1609.3251420015445
146.0,1604.5019814352781
147.0,1599.4620555708607
148.0,1594.2072706363554
149.0,1588.739714502335
150.0,1583.0616357629779
151.0,1577.1754266428188
152.0,1571.0836089945942
153.0,1564.7888227799858
154.0,1558.293816532823
155.0,1551.6014393954986
156.0,1544.7146343959319
157.0,1537.636432696311
158.0,1530.3699485977513
159.0,1522.9183751285582
160.0,1515.2849800793965
161.0,1507.4731023776048
162.0,1499.4861487162643
163.0,1491.3275903724243
164.0,1483.0009601638567
165.0,1474.5098495056275
166.0,1465.857905537174
167.0,1457.0488282979513
168.0,1448.0863679354813
169.0,1438.974321934125
170.0,1429.7165323563463
171.0,1420.3168830909178
172.0,1410.7792971045321
173.0,1401.1077336948465
174.0,1391.3061857441444
175.0,1381.3786769736803
176.0,1371.3292591994266
177.0,1361.1620095904136
178.0,1350.881027931218
179.0,1340.490433890396
180.0,1329.9943642968385
181.0,1319.3969704261456
182.0,1308.7024152991914
183.0,1297.9148709951073
184.0,1287.0385159809125
185.0,1276.0775324600459
186.0,1265.0361037420212
187.0,1253.918411635421
188.0,1242.7286338664032
189.0,1231.4709415248615
190.0,1220.1494965403344
191.0,1208.768449189717
192.0,1197.3319356387676
193.0,1185.8440755193594
194.0,1174.3089695443612
195.0,1162.7306971619769
196.0,1151.113314251312
197.0,1139.4608508608708
198.0,1127.777308991626
199.0,1116.066660426235
200.0,1104.3328446059074
201.0,1092.5797665563668
202.0,1080.8112948642733
203.0,1069.0312597054062
204.0,1057.2434509258364
205.0,1045.45161617724
206.0,1033.6594591074427
207.0,1021.8706376071975
208.0,1010.0887621141419
209.0,998.3173939747893
210.0,986.5600438653489
211.0,974.8201702720904
212.0,963.1011780318918
213.0,951.4064169335423
214.0,939.7391803802952
215.0,928.1027041140886
216.0,916.5001650017904
217.0,904.9346798837385
218.0,893.4093044847879
219.0,881.9270323879963
220.0,870.4907940710171
221.0,859.1034560051943
222.0,847.7678198172906
223.0,836.4866215137096
224.0,825.26253076701
225.0,814.0981502644424
226.0,802.9960151181792
227.0,791.9585923368439
228.0,780.9882803578884
229.0,770.0874086403031
230.0,759.2582373170947
231.0,748.5029569069029
232.0,737.8236880840798
233.0,727.2224815064983
234.0,716.70131770031
235.0,706.262107000819
236.0,695.9066895485959
237.0,685.6368353399081
238.0,675.4542443305011
239.0,665.3605465917212
240.0,655.3573025179372
241.0,645.4460030841701
242.0,635.6280701528202
243.0,625.9048568283291
244.0,616.2776478586009
245.0,606.7476600819625
246.0,597.316042918427
247.0,587.9838789039898
248.0,578.7521842666708
249.0,569.6219095429931
250.0,560.5939402335624
251.0,551.6690974964083
252.0,542.8481388767179
253.0,534.1317590715911
254.0,525.5205907284279
255.0,517.0152052755532
