4.0,712.7828494386438
5.0,736.222077617461
6.0,760.088053003044
7.0,784.3726647141131
8.0,809.0669636007173
9.0,834.1611519162544
10.0,859.6445746114812
11.0,885.5057123255757
12.0,911.7321761461784
13.0,938.3107042068849
14.0,965.2271601868243
15.0,992.4665337727756
16.0,1020.0129431397506
17.0,1047.849639501103
18.0,1075.9590137740297
19.0,1104.3226054008328
20.0,1132.9211133604892
21.0,1161.7344093989936
22.0,1190.7415535005744
23.0,1219.9208116152759
24.0,1249.249675651557
25.0,1278.7048857355264
26.0,1308.2624547311923
27.0,1337.8976950087415
28.0,1367.585247440343
29.0,1397.2991125953565
30.0,1427.012684099148
31.0,1456.6987841119817
32.0,1486.329700876718
33.0,1515.8772282763236
34.0,1545.3127073345313
35.0,1574.6070695854064
36.0,1603.7308822300956
37.0,1632.6543949917314
38.0,1661.3475885723135
39.0,1689.7802246084857
40.0,1717.9218970164395
41.0,1745.7420846097993
42.0,1773.2102048682568
43.0,1800.295668728986
44.0,1826.9679362675092
45.0,1853.1965731297123
46.0,1878.9513075721725
47.0,1904.202087963868
48.0,1928.9191405987308
49.0,1953.073027665383
50.0,1976.6347052177969
51.0,1999.5755809885516
52.0,2021.8675718848474
53.0,2043.4831610064773
54.0,2064.3954540245813
55.0,2084.578234760207
56.0,2104.0060198024944
57.0,2122.654112007673
58.0,2140.4986527220535
59.0,2157.5166725747267
60.0,2173.686140688859
61.0,2188.986012164179
62.0,2203.396273687546
63.0,2216.897987133334
64.0,2229.4733310207503
65.0,2241.1056397011043
66.0,2251.7794401544547
67.0,2261.480486281929
68.0,2270.1957905873537
69.0,2277.9136531495824
70.0,2284.6236877950546
71.0,2290.3168453886396
72.0,2294.9854341696537
73.0,2298.623137069081
74.0,2301.2250259534285
75.0,2302.7875727502455
76.0,2303.3086574201657
77.0,2302.7875727502455
78.0,2301.2250259534285
79.0,2298.623137069081
80.0,2294.9854341696537
81.0,2290.3168453886396
82.0,2284.6236877950546
83.0,2277.9136531495824
84.0,2270.1957905873537
85.0,2261.480486281929
86.0,2251.7794401544547
87.0,2241.1056397011043
88.0,2229.4733310207503
89.0,2216.897987133334
90.0,2203.396273687546
91.0,2188.986012164179
92.0,2173.686140688859
93.0,2157.5166725747267
94.0,2140.4986527220535
95.0,2122.654112007673
96.0,2104.0060198024944
97.0,2084.578234760207
98.0,2064.3954540245813
99.0,2043.4831610064773
100.0,2021.8675718848474
101.0,1999.5755809885516
102.0,1976.6347052177969
103.0,1953.073027665383
104.0,1928.9191405987308
105.0,1904.202087963868
106.0,1878.9513075721725
107.0,1853.1965731297123
108.0,1826.9679362675092
109.0,1800.295668728986
110.0,1773.2102048682568
111.0,1745.7420846097993
112.0,1717.9218970164395
113.0,1689.7802246084857
114.0,1661.3475885723135
115.0,1632.6543949917314
116.0,1603.7308822300956
117.0,1574.6070695854064
118.0,1545.3127073345313
119.0,1515.8772282763236
120.0,1486.329700876718
121.0,1456.6987841119817
122.0,1427.012684099148
123.0,1397.2991125953565
124.0,1367.585247440343
125.0,1337.8976950087415
126.0,1308.2624547311923
127.0,1278.7048857355264
128.0,1249.249675651557
129.0,1219.9208116152759
130.0,1190.7415535005744
131.0,1161.7344093989936
132.0,1132.9211133604892
133.0,1104.3226054008328
134.0,1075.9590137740297
135.0,1047.849639501103
136.0,1020.0129431397506
137.0,992.4665337727756
138.0,965.2271601868243
139.0,938.3107042068849
140.0,911.7321761461784
141.0,885.5057123255757
142.0,859.6445746114812
143.0,834.1611519162544
144.0,809.0669636007173
145.0,784.3726647141131
146.0,760.088053003044
147.0,736.222077617461
148.0,712.7828494386438
149.0,689.7776529513833
150.0,667.2129595801741
151.0,645.0944424072088
152.0,623.4269921882905
153.0,602.2147345814667
154.0,581.4610485022149
155.0,561.1685855183812
156.0,541.3392901977626
157.0,521.974421321257
158.0,503.0745738748156
159.0,484.63970173406625
160.0,466.66914095638174
161.0,449.16163359634453
162.0,432.1153519619943
163.0,415.52792323091865
164.0,399.3964543471503
165.0,383.71755712193993
166.0,368.4873734637776
167.0,353.7016006655182
168.0,339.3555166790984
169.0,325.44400531112
170.0,311.9615812754785
171.0,298.902415042236
172.0,286.26035742504496
173.0,274.0289638526211
174.0,262.201518273006
175.0,250.7710566426614
176.0,239.73038995575524
177.0,229.07212677234494
178.0,218.78869520750246
179.0,208.87236434676012
180.0,199.31526505656018
181.0,190.10941016166515
182.0,181.2467139647067
183.0,172.71901108621617
184.0,164.5180746065789
185.0,156.63563349437067
186.0,149.06338930846937
187.0,141.7930321641767
188.0,134.81625595632124
189.0,128.12477283495022
190.0,121.71032693173767
191.0,115.56470733764219
192.0,109.6797603346322
193.0,104.04740088645904
194.0,98.65962339549314
195.0,93.50851173454802
196.0,88.58624856439607
197.0,83.88512394933072
198.0,79.39754328465183
199.0,75.11603455134414
200.0,71.03325491448544
201.0,67.14199668306108
202.0,63.43519264988066
203.0,59.905920831187984
204.0,56.547408626336356
205.0,53.35303641856497
206.0,50.31634063846752
207.0,47.43101631219083
208.0,44.69091911674689
209.0,42.090066965068566
210.0,39.62264114359181
211.0,37.282987025212826
212.0,35.06561438044806
213.0,32.96519730952686
214.0,30.976573817974042
215.0,29.094745057998047
216.0,27.314874257694992
217.0,25.632285359713794
218.0,24.04246139061033
219.0,22.54104258165047
220.0,21.123824261309895
221.0,19.786754539168527
222.0,18.52593180031065
223.0,17.33760202872581
224.0,16.218155977563093
225.0,15.164126203427331
226.0,14.172183981223569
227.0,13.23913611535991
228.0,12.3619216624124
229.0,11.537608579642255
230.0,10.76339031303821
231.0,10.036582337839452
232.0,9.354618663778623
233.0,8.715048316574086
234.0,8.115531806497176
235.0,7.553837594146692
236.0,7.027838562881006
237.0,6.5355085066896486
238.0,6.074918641633627
239.0,5.644234148347168
240.0,5.241710752475775
241.0,4.865691349326586
242.0,4.514602678428586
243.0,4.186952053142932
244.0,3.8813241499280102
245.0,3.5963778613507564
246.0,3.330843216445292
247.0,3.0835183715525307
248.0,2.853266674330264
249.0,2.639013803202148
250.0,2.439744984116379
251.0,2.254502286109883
252.0,2.082381996821979
253.0,1.9225320787718272
254.0,1.7741497069064553
255.0,1.6364788876402612
