4.0,713.4449274517546
5.0,736.978313942856
6.0,760.9509237726884
7.0,785.3561635119961
8.0,810.186766952985
9.0,835.4348002939587
10.0,861.0916700810553
11.0,887.1481340265022
12.0,913.5943148164575
13.0,940.4197170140382
14.0,967.6132471543854
15.0,995.1632371185851
16.0,1023.0574708618595
17.0,1051.2832145586133
18.0,1079.827250212613
19.0,1108.675912764763
20.0,1137.8151307135372
21.0,1167.2304702441695
22.0,1196.9071828421168
23.0,1226.8302563441177
24.0,1256.984469356371
25.0,1287.3544489439937
26.0,1317.9247314689865
27.0,1348.6798264255515
28.0,1379.6042830918077
29.0,1410.682759785852
30.0,1441.9000954818491
31.0,1473.2413835085367
32.0,1504.69204701839
33.0,1536.2379158808976
34.0,1567.86530461818
35.0,1599.5610909658242
36.0,1631.3127946065256
37.0,1663.1086555893376
38.0,1694.9377119132519
39.0,1726.7898757209427
40.0,1758.6560075171114
41.0,1790.5279877964385
42.0,1822.3987854390803
43.0,1854.2625222074043
44.0,1886.1145326567287
45.0,1917.9514187556313
46.0,1949.771098498488
47.0,1981.57284778469
48.0,2013.3573348360087
49.0,2045.1266464262692
50.0,2076.8843052063085
51.0,2108.6352774225525
52.0,2140.385970349882
53.0,2172.144218789047
54.0,2203.919260016145
55.0,2235.7216966167534
56.0,2267.5634466904985
57.0,2299.4576809731725
58.0,2331.4187464931456
59.0,2363.462076456599
60.0,2395.6040861420424
61.0,2427.862054678357
62.0,2460.2539926819263
63.0,2492.7984958369557
64.0,2525.5145846181344
65.0,2558.4215304759236
66.0,2591.538668931062
67.0,2624.88520015559
68.0,2658.479977751852
69.0,2692.34128657741
70.0,2726.4866106015324
71.0,2760.9323919165536
72.0,2795.6937821636966
73.0,2830.7843877664195
74.0,2866.2160104936124
75.0,2901.998384998413
76.0,2938.1389150946156
77.0,2974.642410639947
78.0,3011.510826992354
79.0,3048.743009090434
80.0,3086.3344422805753
81.0,3124.2770120700184
82.0,3162.5587750254117
83.0,3201.163743059294
84.0,3240.0716833512233
85.0,3279.257936134885
86.0,3318.693252546736
87.0,3358.3436546748517
88.0,3398.1703198681835
89.0,3438.12949126625
90.0,3478.1724163872063
91.0,3518.2453154686373
92.0,3558.289381090626
93.0,3598.240810425471
94.0,3638.030871253708
95.0,3677.586002663204
96.0,3716.8279511082706
97.0,3755.6739422509154
98.0,3794.0368887382524
99.0,3831.8256337909697
100.0,3868.9452301899187
101.0,3905.2972539538123
102.0,3940.7801517034663
103.0,3975.289620409664
104.0,4008.7190179255754
105.0,4040.959802413606
106.0,4071.9019984936444
107.0,4101.434687667843
108.0,4129.446520319396
109.0,4155.826246341994
110.0,4180.463261235723
111.0,4203.248164306586
112.0,4224.073325433192
113.0,4242.833456717608
114.0,4259.426185220041
115.0,4273.752622890508
116.0,4285.717929756591
117.0,4295.231866405673
118.0,4302.209331813747
119.0,4306.570882621132
120.0,4308.243230038561
121.0,4307.159710684634
122.0,4303.260727806906
123.0,4296.494159522975
124.0,4286.8157309332055
125.0,4274.189347201713
126.0,4258.58738497448
127.0,4239.990939800945
128.0,4218.390027545066
129.0,4193.7837381110185
130.0,4166.180340163993
131.0,4135.597335894736
132.0,4102.061465253998
133.0,4065.6086594662515
134.0,4026.2839440173175
135.0,3984.141291694074
136.0,3939.2434266326127
137.0,3891.6615807003936
138.0,3841.475203894583
139.0,3788.771630779537
140.0,3733.6457053080217
141.0,3676.199366670384
142.0,3616.541199090697
143.0,3554.7859487365204
144.0,3491.054011127212
145.0,3425.47089261289
146.0,3358.1666496507714
147.0,3289.275309726583
148.0,3218.9342778553955
149.0,3147.2837326481695
150.0,3074.46601594764
151.0,3000.6250200202167
152.0,2925.9055762401777
153.0,2850.452849119598
154.0,2774.411739423687
155.0,2697.9262999681196
156.0,2621.1391675246073
157.0,2544.191014065538
158.0,2467.2200203604853
159.0,2390.361374699327
160.0,2313.746799261453
161.0,2237.504106380837
162.0,2161.7567866756654
163.0,2086.623630721627
164.0,2012.2183856529264
165.0,1938.6494477774709
166.0,1866.0195919954322
167.0,1794.4257385162623
168.0,1723.9587570808658
169.0,1654.703308615578
170.0,1586.7377239751388
171.0,1520.1339191751522
172.0,1454.9573462724784
173.0,1391.2669788263684
174.0,1329.1153306652873
175.0,1268.548506495617
176.0,1209.6062827196251
177.0,1152.3222166820567
178.0,1096.7237824378594
179.0,1042.8325310281389
180.0,990.6642731674817
181.0,940.2292821830181
182.0,891.5325150036319
183.0,844.5738489759173
184.0,799.3483322810289
185.0,755.846445742538
186.0,714.0543738486534
187.0,673.9542828615151
188.0,635.524603950364
189.0,598.7403193628644
190.0,563.5732497382155
191.0,529.9923407654699
192.0,497.9639474991303
193.0,467.4521147601202
194.0,438.41885217210046
195.0,410.8244025093676
196.0,384.62750216178017
197.0,359.7856326529522
198.0,336.2552622790321
199.0,313.99207706552204
200.0,292.9512003676693
201.0,273.0874005649331
202.0,254.35528642097287
203.0,236.7094897966874
204.0,220.10483551434024
205.0,204.49649827511115
206.0,189.84014663003111
207.0,176.09207409476068
208.0,163.20931758178133
209.0,151.14976339906943
210.0,139.87224113210323
211.0,129.33660578609906
212.0,119.50380861772587
213.0,110.33595713034903
214.0,101.79636474428968
215.0,93.849590683917
216.0,86.46147064691453
217.0,79.59913883813222
218.0,73.23104196143372
219.0,67.32694576828973
220.0,61.857934761981724
221.0,56.796405651625484
222.0,52.116055141249
223.0,47.791862626331934
224.0,43.800068353992934
225.0,40.11814758384511
226.0,36.72478126487239
227.0,33.59982371993379
228.0,30.724267804084352
229.0,28.0802079761972
230.0,25.6508016957395
231.0,23.42022952833505
232.0,21.37365431524326
233.0,19.497179733384055
234.0,17.777808544291418
235.0,16.203400802613913
236.0,14.762632267694876
237.0,13.444953235531557
238.0,12.240547983176132
239.0,11.140294993522982
240.0,10.13572810552365
241.0,9.218998713256884
242.0,8.382839117012058
243.0,7.620527110653253
244.0,6.925851872036942
245.0,6.2930812071602125
246.0,5.716930184006312
247.0,5.192531178705784
248.0,4.715405344609377
249.0,4.28143550412866
250.0,3.8868404536905534
251.0,3.528150663814123
252.0,3.2021853490896834
253.0,2.9060308766548437
254.0,2.6370204765508474
255.0,2.392715213035236
