0.0,4.751650716378754e-92
1.0,1.178517976102889e-89
2.0,2.725950039232826e-87
3.0,5.880165517663134e-85
4.0,1.1829085980618464e-82
5.0,2.219232503091394e-80
6.0,3.882794438874126e-78
7.0,6.335428177364154e-76
8.0,9.640454809511242e-74
9.0,1.3680723105722407e-71
10.0,1.8105501603935385e-69
11.0,2.234611595147779e-67
12.0,2.5720743184893055e-65
13.0,2.7609272088008276e-63
14.0,2.7638621522581266e-61
15.0,2.580285603666928e-59
16.0,2.2465141493751867e-57
17.0,1.8240658630894068e-55
18.0,1.381216798350848e-53
19.0,9.753784721634282e-52
20.0,6.423540382528138e-50
21.0,3.945170072481855e-48
22.0,2.2596801971614694e-46
23.0,1.2070303987026248e-44
24.0,6.012836772335655e-43
25.0,2.793383731250661e-41
26.0,1.2102407249710141e-39
27.0,4.88993295858905e-38
28.0,1.8425701251348372e-36
29.0,6.474930694547232e-35
30.0,2.1219551559679285e-33
31.0,6.485257988681821e-32
32.0,1.8484524857837586e-30
33.0,4.913368127208344e-29
34.0,1.2179803882299212e-27
35.0,2.8157316660326224e-26
36.0,6.070608323486827e-25
37.0,1.2205712595614983e-23
38.0,2.288674572072249e-22
39.0,4.002164431118862e-21
40.0,6.526732144974765e-20
41.0,9.926282479339422e-19
42.0,1.4078858654616096e-17
43.0,1.8622511282029433e-16
44.0,2.297201132580317e-15
45.0,2.6427116294480753e-14
46.0,2.8352444464365105e-13
47.0,2.8367510185487273e-12
48.0,2.6469266645731727e-11
49.0,2.3033109746751168e-10
50.0,1.8691890289073948e-09
51.0,1.4146332059534428e-08
52.0,9.984457011424818e-08
53.0,6.57196184233415e-07
54.0,4.03418298578167e-06
55.0,2.3094370670537568e-05
56.0,0.00012329533620332683
57.0,0.0006138710388459967
58.0,0.002850346243475866
59.0,0.012342640262157735
60.0,0.049843496717331556
61.0,0.18771497138484144
62.0,0.6592942671883212
63.0,2.159482384300492
64.0,6.59644598306306
65.0,18.79145176913687
66.0,49.92299539856511
67.0,123.68895358807977
68.0,285.7927279901532
69.0,615.830807320027
70.0,1237.5467854816145
71.0,2319.272723371877
72.0,4053.516943795729
73.0,6606.967089947999
74.0,10042.97248446065
75.0,14236.799884844208
76.0,18821.423495289677
77.0,23205.05122084455
78.0,26681.02897473333
79.0,28609.653371689972
80.0,28609.653371689972
81.0,26681.02897473333
82.0,23205.05122084455
83.0,18821.423495289677
84.0,14236.799884844208
85.0,10042.97248446065
86.0,6606.967089947999
87.0,4053.516943795729
88.0,2319.272723371877
89.0,1237.5467854816145
90.0,615.830807320027
91.0,285.7927279901532
92.0,123.68895358807977
93.0,49.92299539856511
94.0,18.79145176913687
95.0,6.59644598306306
96.0,2.159482384300492
97.0,0.6592942671883212
98.0,0.18771497138484144
99.0,0.049843496717331556
100.0,0.012342640262157735
101.0,0.002850346243475866
102.0,0.0006138710388459967
103.0,0.00012329533620332683
104.0,2.3094370670537568e-05
105.0,4.03418298578167e-06
106.0,6.57196184233415e-07
107.0,9.984457011424818e-08
108.0,1.4146332059534428e-08
109.0,1.8691890289073948e-09
110.0,2.3033109746751168e-10
111.0,2.6469266645731727e-11
112.0,2.8367510185487273e-12
113.0,2.8352444464365105e-13
114.0,2.6427116294480753e-14
115.0,2.297201132580317e-15
116.0,1.8622511282029433e-16
117.0,1.4078858654616096e-17
118.0,9.926282479339422e-19
119.0,6.526732144974765e-20
120.0,4.002164431118862e-21
121.0,2.288674572072249e-22
122.0,1.2205712595614983e-23
123.0,6.070608323486827e-25
124.0,2.8157316660326224e-26
125.0,1.2179803882299212e-27
126.0,4.913368127208344e-29
127.0,1.8484524857837586e-30
128.0,6.485257988681821e-32
129.0,2.1219551559679285e-33
130.0,6.474930694547232e-35
131.0,1.8425701251348372e-36
132.0,4.88993295858905e-38
133.0,1.2102407249710141e-39
134.0,2.793383731250661e-41
135.0,6.012836772335655e-43
136.0,1.2070303987026248e-44
137.0,2.2596801971614694e-46
138.0,3.945170072481855e-48
139.0,6.423540382528138e-50
140.0,9.753784721634282e-52
141.0,1.381216798350848e-53
142.0,1.8240658630894068e-55
143.0,2.2465141493751867e-57
144.0,2.580285603666928e-59
145.0,2.7638621522581266e-61
146.0,2.7609272088008276e-63
147.0,2.5720743184893055e-65
148.0,2.234611595147779e-67
149.0,1.8105501603935385e-69
150.0,1.3680723105722407e-71
151.0,9.640454809511242e-74
152.0,6.335428177364154e-76
153.0,3.882794438874126e-78
154.0,2.219232503091394e-80
155.0,1.1829085980618464e-82
156.0,5.880165517663134e-85
157.0,2.725950039232826e-87
158.0,1.178517976102889e-89
159.0,4.751650716378754e-92
160.0,1.7866635828535447e-94
161.0,6.26514375049518e-97
162.0,2.0488457975741766e-99
163.0,6.2485246142005e-102
164.0,1.7771974238324838e-104
165.0,4.7139377547364524e-107
166.0,1.1660629341634442e-109
167.0,2.6899865965142497e-112
168.0,5.787196382456373e-115
169.0,1.161117851961563e-117
170.0,2.1725729257130066e-120
171.0,3.7910752278019956e-123
172.0,6.169364358079455e-126
173.0,9.362857557969683e-129
174.0,1.3251541192622888e-131
175.0,1.7490988087357874e-134
176.0,2.153040878223694e-137
177.0,2.471611376377543e-140
178.0,2.646050167991011e-143
179.0,2.6418365286219356e-146
180.0,2.4598225936388357e-149
181.0,2.135952596087429e-152
182.0,1.7296945310977357e-155
183.0,1.3062827534245497e-158
184.0,9.200150931614516e-162
185.0,6.042862185505921e-165
186.0,3.70152260417407e-168
187.0,2.114502000522321e-171
188.0,1.1264859343156345e-174
189.0,5.596717999664128e-178
190.0,2.593170394038025e-181
191.0,1.1205175499529842e-184
192.0,4.515400219876788e-188
193.0,1.696929560113526e-191
194.0,5.947320713097611e-195
195.0,1.9438774461673755e-198
196.0,5.925245941671758e-202
197.0,1.6843558938362608e-205
198.0,4.4653069495161853e-209
199.0,1.1039737679597504e-212
200.0,2.5454007542332887e-216
201.0,5.473228268082248e-220
202.0,1.0975414544837334e-223
203.0,2.0525241817249367e-227
204.0,3.5796915839501506e-231
205.0,5.822277721603791e-235
206.0,8.831413153242312e-239
207.0,1.249273322880357e-242
208.0,1.6480664108893795e-246
209.0,2.0275983477476243e-250
210.0,2.326371815337815e-254
211.0,2.489237328466931e-258
212.0,2.4839534963420935e-262
213.0,2.311588872492624e-266
214.0,2.0061698901682267e-270
215.0,1.6237336805244046e-274
216.0,1.2256087951620295e-278
217.0,8.62737979501207e-283
218.0,5.663643954525049e-287
219.0,3.4673920460941405e-291
220.0,1.9797025026921513e-295
221.0,1.0541123317639051e-299
222.0,5.234362964238858e-304
223.0,2.423989606242161e-308
224.0,1.046857738823e-312
225.0,4.2206343e-317
226.0,0.0
227.0,0.0
228.0,0.0
229.0,0.0
230.0,0.0
231.0,0.0
232.0,0.0
233.0,0.0
234.0,0.0
235.0,0.0
236.0,0.0
237.0,0.0
238.0,0.0
239.0,0.0
240.0,0.0
241.0,0.0
242.0,0.0
243.0,0.0
244.0,0.0
245.0,0.0
246.0,0.0
247.0,0.0
248.0,0.0
249.0,0.0
250.0,0.0
251.0,0.0
252.0,0.0
253.0,0.0
254.0,0.0
255.0,0.0
