24.0,0.00037534079256400677
24.01,0.0003821698051858424
24.020000000000003,0.00038918552664320914
24.030000000000005,0.000396394773594482
24.040000000000006,0.00040380467414692303
24.050000000000008,0.00041142268494388784
24.06000000000001,0.0004192566093457841
24.07000000000001,0.000427314616784732
24.080000000000013,0.00043560526337944275
24.090000000000014,0.0004441375139039878
24.100000000000016,0.0004529207652119489
24.110000000000017,0.0004619648712259767
24.12000000000002,0.0004712801696121184
24.13000000000002,0.0004808775102684798
24.140000000000022,0.0004907682857689672
24.150000000000023,0.0005009644639150862
24.160000000000025,0.0005114786225621934
24.170000000000027,0.0005223239869013114
24.180000000000028,0.0005335144693937643
24.19000000000003,0.0005450647125736357
24.20000000000003,0.0005569901349525468
24.210000000000033,0.0005693069802827059
24.220000000000034,0.0005820323704577852
24.230000000000036,0.0005951843623571973
24.240000000000038,0.0006087820089680105
24.25000000000004,0.0006228454251503749
24.26000000000004,0.0006373958584472493
24.270000000000042,0.0006524557653777984
24.280000000000044,0.000668048893696482
24.290000000000045,0.0006842003711470463
24.300000000000047,0.0007009368012928773
24.31000000000005,0.0007182863670630673
24.32000000000005,0.0007362789427177294
24.33000000000005,0.000754946215007315
24.340000000000053,0.0007743218143797585
24.350000000000055,0.0007944414571771351
24.360000000000056,0.0008153430998611749
24.370000000000058,0.0008370671064156513
24.38000000000006,0.0008596564301945958
24.39000000000006,0.0008831568116200169
24.400000000000063,0.0009076169932829103
24.410000000000064,0.0009330889541687275
24.420000000000066,0.0009596281649151598
24.430000000000067,0.000987293866218419
24.44000000000007,0.0010161493727367243
24.45000000000007,0.0010462624050993356
24.460000000000072,0.001077705452919361
24.470000000000073,0.0011105561720323202
24.480000000000075,0.0011448978195439067
24.490000000000077,0.0011808197306739346
24.500000000000078,0.00121841784183372
24.51000000000008,0.001257795264876296
24.52000000000008,0.0012990629180182958
24.530000000000083,0.0013423402195549506
24.540000000000084,0.0013877558511813906
24.550000000000086,0.0014354485985005644
24.560000000000088,0.0014855682771465278
24.57000000000009,0.0015382767538872897
24.58000000000009,0.0015937490730984659
24.590000000000092,0.001652174700120839
24.600000000000094,0.0017137588942321392
24.610000000000095,0.0017787242252727657
24.620000000000097,0.0018473122493579683
24.6300000000001,0.0019197853605683142
24.6400000000001,0.0019964288370078204
24.6500000000001,0.0020775531011106895
24.660000000000103,0.0021634962154967207
24.670000000000105,0.0022546266369254204
24.680000000000106,0.002351346251841164
24.690000000000108,0.002454093717441578
24.70000000000011,0.0025633481318672355
24.71000000000011,0.0026796330556285255
24.720000000000113,0.0028035209032427366
24.730000000000114,0.0029356377185543302
24.740000000000116,0.0030766683384122126
24.750000000000117,0.003227361936013909
24.76000000000012,0.003388537915606055
24.77000000000012,0.0035610921021062736
24.780000000000122,0.0037460031296170345
24.790000000000123,0.003944338877852332
24.800000000000125,0.004157262730150135
24.810000000000127,0.004386039324525508
24.820000000000128,0.004632039331943546
24.83000000000013,0.004896742613495095
24.84000000000013,0.00518173886815132
24.850000000000133,0.005488724570938846
24.860000000000134,0.005819494601975072
24.870000000000136,0.0061759264641814745
24.880000000000138,0.006559954369139691
24.89000000000014,0.006973529732633142
24.90000000000014,0.007418563778088933
24.910000000000142,0.007896847044367711
24.920000000000144,0.00840993973604553
24.930000000000145,0.00895902622719967
24.940000000000147,0.009544726946444562
24.95000000000015,0.01016686181180711
24.96000000000015,0.010824162028856511
24.97000000000015,0.011513932286534618
24.980000000000153,0.012231674150284307
24.990000000000155,0.012970694567090754
25.000000000000156,0.013721741008663014
25.010000000000158,0.014472725604780457
25.02000000000016,0.015208621010707158
25.03000000000016,0.01591162397474114
25.040000000000163,0.016561679034809117
25.050000000000164,0.017137424181568522
25.060000000000166,0.0176175563290256
25.070000000000167,0.01798252096117934
25.08000000000017,0.018216326533391072
25.09000000000017,0.018308203329685586
25.100000000000172,0.018253805195137304
25.110000000000174,0.018055713208133605
25.120000000000175,0.01772313527865289
25.130000000000177,0.017270865245057613
25.140000000000178,0.01671771370698379
25.15000000000018,0.01608470470168686
25.16000000000018,0.01539333098438656
25.170000000000183,0.014664091855729075
25.180000000000184,0.013915436007296417
25.190000000000186,0.013163133248061653
25.200000000000188,0.012420026468889631
25.21000000000019,0.011696076329462256
25.22000000000019,0.010998601583182574
25.230000000000192,0.010332627868313243
25.240000000000194,0.009701277114867799
25.250000000000195,0.009106150894693365
25.260000000000197,0.008547679681015288
25.2700000000002,0.00802542428288345
25.2800000000002,0.007538325542393536
25.2900000000002,0.007084904422986412
25.300000000000203,0.006663417834695193
25.310000000000205,0.006271976848032291
25.320000000000206,0.005908634074845495
25.330000000000208,0.005571446471366228
25.34000000000021,0.005258518997628162
25.35000000000021,0.004968033664287085
25.360000000000213,0.004698267633281669
25.370000000000214,0.004447603271387638
25.380000000000216,0.00421453240645925
25.390000000000217,0.003997656504735254
25.40000000000022,0.0037956840630764283
25.41000000000022,0.00360742617718244
25.420000000000222,0.003431790989796667
25.430000000000224,0.0032677775268804624
25.440000000000225,0.0031144692818873636
25.450000000000227,0.0029710277978905793
25.46000000000023,0.0028366864157406513
25.47000000000023,0.0027107442967683167
25.48000000000023,0.002592560785417101
25.490000000000233,0.0024815501464321944
25.500000000000234,0.0023771766896649943
25.510000000000236,0.0022789502807610473
25.520000000000238,0.002186422226161954
25.53000000000024,0.0020991815146046604
25.54000000000024,0.002016851393627702
25.550000000000242,0.0019390862577400212
25.560000000000244,0.0018655688243192684
25.570000000000245,0.0017960075735767578
25.580000000000247,0.001730134429760653
25.59000000000025,0.0016677026619549664
25.60000000000025,0.0016084849842182797
25.61000000000025,0.0015522718362864145
25.620000000000253,0.0014988698275642924
25.630000000000255,0.0014481003286046059
25.640000000000256,0.0013997981956828363
25.650000000000258,0.0013538106154101193
25.66000000000026,0.0013099960575668707
25.67000000000026,0.0012682233254865413
25.680000000000263,0.0012283706943700813
25.690000000000264,0.0011903251288702963
25.700000000000266,0.0011539815721555982
25.710000000000267,0.0011192422994500983
25.72000000000027,0.001086016329757561
25.73000000000027,0.0010542188901165143
25.740000000000272,0.0010237709273089608
25.750000000000274,0.0009945986624614485
25.760000000000275,0.0009666331844403899
25.770000000000277,0.0009398100783585901
25.78000000000028,0.0009140690858818217
25.79000000000028,0.0008893537943573333
25.80000000000028,0.0008656113520844232
25.810000000000283,0.0008427922073143127
25.820000000000285,0.0008208498688057528
25.830000000000286,0.0007997406859770975
25.840000000000288,0.0007794236468875958
25.85000000000029,0.0007598601924527971
25.86000000000029,0.0007410140454533259
25.870000000000292,0.0007228510530348044
25.880000000000294,0.0007053390415210322
25.890000000000295,0.0006884476824742309
25.900000000000297,0.0006721483690365317
25.9100000000003,0.0006564141016771681
25.9200000000003,0.0006412193825510649
25.9300000000003,0.0006265401177476773
25.940000000000303,0.0006123535267748509
25.950000000000305,0.0005986380586819185
25.960000000000306,0.0005853733142798908
25.970000000000308,0.0005725399739650367
25.98000000000031,0.000560119730695922
25.99000000000031,0.000548095227713558
26.000000000000313,0.000536450000630138
26.010000000000314,0.000525168423544281
26.020000000000316,0.000514235658870105
26.030000000000317,0.0005036376105941193
26.04000000000032,0.0004933608806981331
26.05000000000032,0.0004833927285083562
26.060000000000322,0.0004737210327508528
26.070000000000324,0.0004643342561116873
26.080000000000325,0.00045522141211663884
26.090000000000327,0.0004463720341604362
26.10000000000033,0.00043777614652920155
26.11000000000033,0.0004294242372723163
26.12000000000033,0.00042130723279136723
26.130000000000333,0.00041341647402427225
26.140000000000335,0.00040574369411223803
26.150000000000336,0.00039828099744593606
26.160000000000338,0.0003910208399952778
26.17000000000034,0.00038395601083449283
26.18000000000034,0.0003770796147809239
26.190000000000342,0.00037038505607211005
26.200000000000344,0.0003638660230113734
26.210000000000345,0.00035751647351731563
26.220000000000347,0.0003513306215173925
26.23000000000035,0.00034530292413012
26.24000000000035,0.00033942806958449357
26.25000000000035,0.00033370096582891476
26.260000000000353,0.0003281167297853387
26.270000000000355,0.0003226706772075031
26.280000000000356,0.00031735831310500927
26.290000000000358,0.00031217532269770253
26.30000000000036,0.00030711756286727756
26.31000000000036,0.00030218105407531963
26.320000000000363,0.000297361972719107
26.330000000000364,0.00029265664389845324
26.340000000000366,0.00028806153456867973
26.350000000000367,0.00028357324705648054
26.36000000000037,0.00027918851291699526
26.37000000000037,0.00027490418711184264
26.380000000000372,0.0002707172424892014
26.390000000000374,0.000266624764548262
26.400000000000375,0.0002626239464715212
26.410000000000377,0.00025871208440945867
26.42000000000038,0.0002548865730031258
26.43000000000038,0.0002511449011310976
26.44000000000038,0.0002474846478680969
26.450000000000383,0.00024390347864339801
26.460000000000385,0.00024039914158785648
26.470000000000386,0.00023696946405910892
26.480000000000388,0.00023361234933512554
26.49000000000039,0.00023032577346690337
26.50000000000039,0.00022710778228164684
26.510000000000392,0.0002239564885283058
26.520000000000394,0.00022087006915783017
26.530000000000395,0.0002178467627309555
26.540000000000397,0.0002148848669467611
26.5500000000004,0.00021198273628564028
26.5600000000004,0.0002091387797606947
26.5700000000004,0.00020635145877191482
26.580000000000403,0.00020361928505783296
26.590000000000405,0.0002009408187396424
26.600000000000406,0.00019831466645306193
26.610000000000408,0.00019573947956349358
26.62000000000041,0.00019321395246027221
26.63000000000041,0.0001907368209260428
26.640000000000413,0.0001883068605775209
26.650000000000414,0.0001859228853741016
26.660000000000416,0.000183583746190975
26.670000000000417,0.00018128832945359143
26.68000000000042,0.00017903555583049109
26.69000000000042,0.00017682437898167388
26.700000000000422,0.00017465378435983905
26.710000000000424,0.0001725227880619656
26.720000000000425,0.0001704304357288408
26.730000000000427,0.00016837580149026943
26.74000000000043,0.00016635798695381734
26.75000000000043,0.00016437612023505383
26.76000000000043,0.00016242935502736491
26.770000000000433,0.000160516869709508
26.780000000000435,0.00015863786648917397
26.790000000000436,0.00015679157058091098
26.800000000000438,0.00015497722941684784
26.81000000000044,0.00015319411188873439
26.82000000000044,0.00015144150761989164
26.830000000000442,0.00014971872626573336
26.840000000000444,0.00014802509684158941
26.850000000000446,0.00014635996707662276
26.860000000000447,0.00014472270279269206
26.87000000000045,0.0001431126873070688
26.88000000000045,0.00014152932085796996
26.89000000000045,0.00013997202005191866
26.900000000000453,0.0001384402173319923
26.910000000000455,0.0001369333604660639
26.920000000000456,0.00013545091205418317
26.930000000000458,0.00013399234905428712
26.94000000000046,0.00013255716232546587
26.95000000000046,0.00013114485618804722
26.960000000000463,0.00012975494799979766
26.970000000000464,0.0001283869677475704
26.980000000000466,0.00012704045765376144
26.990000000000467,0.00012571497179696503
