24.0,1.003185340792564
24.01,1.0031921698051858
24.020000000000003,1.0031991855266431
24.030000000000005,1.0032063947735945
24.040000000000006,1.003213804674147
24.050000000000008,1.0032214226849439
24.06000000000001,1.0032292566093457
24.07000000000001,1.0032373146167848
24.080000000000013,1.0032456052633794
24.090000000000014,1.003254137513904
24.100000000000016,1.003262920765212
24.110000000000017,1.003271964871226
24.12000000000002,1.003281280169612
24.13000000000002,1.0032908775102685
24.140000000000022,1.0033007682857689
24.150000000000023,1.003310964463915
24.160000000000025,1.0033214786225622
24.170000000000027,1.0033323239869012
24.180000000000028,1.0033435144693938
24.19000000000003,1.0033550647125735
24.20000000000003,1.0033669901349525
24.210000000000033,1.0033793069802828
24.220000000000034,1.0033920323704577
24.230000000000036,1.0034051843623573
24.240000000000038,1.003418782008968
24.25000000000004,1.0034328454251504
24.26000000000004,1.0034473958584473
24.270000000000042,1.0034624557653777
24.280000000000044,1.0034780488936965
24.290000000000045,1.0034942003711471
24.300000000000047,1.0035109368012929
24.31000000000005,1.0035282863670631
24.32000000000005,1.0035462789427176
24.33000000000005,1.0035649462150074
24.340000000000053,1.0035843218143798
24.350000000000055,1.0036044414571772
24.360000000000056,1.0036253430998612
24.370000000000058,1.0036470671064157
24.38000000000006,1.0036696564301946
24.39000000000006,1.00369315681162
24.400000000000063,1.0037176169932829
24.410000000000064,1.0037430889541687
24.420000000000066,1.003769628164915
24.430000000000067,1.0037972938662183
24.44000000000007,1.0038261493727367
24.45000000000007,1.0038562624050993
24.460000000000072,1.0038877054529194
24.470000000000073,1.0039205561720324
24.480000000000075,1.0039548978195438
24.490000000000077,1.003990819730674
24.500000000000078,1.0040284178418337
24.51000000000008,1.0040677952648762
24.52000000000008,1.0041090629180183
24.530000000000083,1.004152340219555
24.540000000000084,1.0041977558511814
24.550000000000086,1.0042454485985006
24.560000000000088,1.0042955682771466
24.57000000000009,1.0043482767538872
24.58000000000009,1.0044037490730984
24.590000000000092,1.0044621747001208
24.600000000000094,1.0045237588942322
24.610000000000095,1.0045887242252727
24.620000000000097,1.0046573122493578
24.6300000000001,1.0047297853605683
24.6400000000001,1.0048064288370078
24.6500000000001,1.0048875531011108
24.660000000000103,1.0049734962154968
24.670000000000105,1.0050646266369254
24.680000000000106,1.0051613462518412
24.690000000000108,1.0052640937174415
24.70000000000011,1.0053733481318672
24.71000000000011,1.0054896330556284
24.720000000000113,1.0056135209032426
24.730000000000114,1.0057456377185543
24.740000000000116,1.0058866683384122
24.750000000000117,1.006037361936014
24.76000000000012,1.006198537915606
24.77000000000012,1.0063710921021063
24.780000000000122,1.006556003129617
24.790000000000123,1.0067543388778524
24.800000000000125,1.00696726273015
24.810000000000127,1.0071960393245254
24.820000000000128,1.0074420393319434
24.83000000000013,1.0077067426134951
24.84000000000013,1.0079917388681512
24.850000000000133,1.0082987245709387
24.860000000000134,1.0086294946019752
24.870000000000136,1.0089859264641814
24.880000000000138,1.0093699543691397
24.89000000000014,1.0097835297326332
24.90000000000014,1.010228563778089
24.910000000000142,1.0107068470443676
24.920000000000144,1.0112199397360455
24.930000000000145,1.0117690262271997
24.940000000000147,1.0123547269464446
24.95000000000015,1.0129768618118071
24.96000000000015,1.0136341620288565
24.97000000000015,1.0143239322865345
24.980000000000153,1.0150416741502843
24.990000000000155,1.0157806945670906
25.000000000000156,1.016531741008663
25.010000000000158,1.0172827256047805
25.02000000000016,1.0180186210107072
25.03000000000016,1.0187216239747412
25.040000000000163,1.019371679034809
25.050000000000164,1.0199474241815685
25.060000000000166,1.0204275563290255
25.070000000000167,1.0207925209611792
25.08000000000017,1.021026326533391
25.09000000000017,1.0211182033296855
25.100000000000172,1.0210638051951373
25.110000000000174,1.0208657132081336
25.120000000000175,1.0205331352786529
25.130000000000177,1.0200808652450577
25.140000000000178,1.0195277137069838
25.15000000000018,1.0188947047016867
25.16000000000018,1.0182033309843865
25.170000000000183,1.017474091855729
25.180000000000184,1.0167254360072964
25.190000000000186,1.0159731332480617
25.200000000000188,1.0152300264688896
25.21000000000019,1.0145060763294622
25.22000000000019,1.0138086015831826
25.230000000000192,1.0131426278683133
25.240000000000194,1.0125112771148679
25.250000000000195,1.0119161508946934
25.260000000000197,1.0113576796810153
25.2700000000002,1.0108354242828834
25.2800000000002,1.0103483255423935
25.2900000000002,1.0098949044229864
25.300000000000203,1.0094734178346951
25.310000000000205,1.0090819768480324
25.320000000000206,1.0087186340748455
25.330000000000208,1.0083814464713663
25.34000000000021,1.0080685189976282
25.35000000000021,1.007778033664287
25.360000000000213,1.0075082676332816
25.370000000000214,1.0072576032713876
25.380000000000216,1.0070245324064593
25.390000000000217,1.0068076565047352
25.40000000000022,1.0066056840630764
25.41000000000022,1.0064174261771823
25.420000000000222,1.0062417909897967
25.430000000000224,1.0060777775268805
25.440000000000225,1.0059244692818874
25.450000000000227,1.0057810277978905
25.46000000000023,1.0056466864157407
25.47000000000023,1.0055207442967682
25.48000000000023,1.0054025607854171
25.490000000000233,1.0052915501464321
25.500000000000234,1.005187176689665
25.510000000000236,1.005088950280761
25.520000000000238,1.004996422226162
25.53000000000024,1.0049091815146047
25.54000000000024,1.0048268513936276
25.550000000000242,1.00474908625774
25.560000000000244,1.0046755688243192
25.570000000000245,1.0046060075735768
25.580000000000247,1.0045401344297606
25.59000000000025,1.004477702661955
25.60000000000025,1.0044184849842182
25.61000000000025,1.0043622718362863
25.620000000000253,1.0043088698275642
25.630000000000255,1.0042581003286046
25.640000000000256,1.0042097981956828
25.650000000000258,1.00416381061541
25.66000000000026,1.0041199960575669
25.67000000000026,1.0040782233254866
25.680000000000263,1.00403837069437
25.690000000000264,1.0040003251288703
25.700000000000266,1.0039639815721555
25.710000000000267,1.0039292422994501
25.72000000000027,1.0038960163297574
25.73000000000027,1.0038642188901166
25.740000000000272,1.0038337709273089
25.750000000000274,1.0038045986624615
25.760000000000275,1.0037766331844404
25.770000000000277,1.0037498100783586
25.78000000000028,1.0037240690858817
25.79000000000028,1.0036993537943573
25.80000000000028,1.0036756113520844
25.810000000000283,1.0036527922073142
25.820000000000285,1.0036308498688058
25.830000000000286,1.003609740685977
25.840000000000288,1.0035894236468876
25.85000000000029,1.0035698601924528
25.86000000000029,1.0035510140454533
25.870000000000292,1.0035328510530348
25.880000000000294,1.003515339041521
25.890000000000295,1.0034984476824742
25.900000000000297,1.0034821483690366
25.9100000000003,1.0034664141016771
25.9200000000003,1.003451219382551
25.9300000000003,1.0034365401177476
25.940000000000303,1.0034223535267748
25.950000000000305,1.003408638058682
25.960000000000306,1.00339537331428
25.970000000000308,1.003382539973965
25.98000000000031,1.003370119730696
25.99000000000031,1.0033580952277135
26.000000000000313,1.0033464500006302
26.010000000000314,1.0033351684235443
26.020000000000316,1.00332423565887
26.030000000000317,1.003313637610594
26.04000000000032,1.003303360880698
26.05000000000032,1.0032933927285084
26.060000000000322,1.0032837210327508
26.070000000000324,1.0032743342561117
26.080000000000325,1.0032652214121167
26.090000000000327,1.0032563720341605
26.10000000000033,1.0032477761465293
26.11000000000033,1.0032394242372722
26.12000000000033,1.0032313072327914
26.130000000000333,1.0032234164740244
26.140000000000335,1.0032157436941123
26.150000000000336,1.0032082809974459
26.160000000000338,1.0032010208399953
26.17000000000034,1.0031939560108345
26.18000000000034,1.0031870796147808
26.190000000000342,1.003180385056072
26.200000000000344,1.0031738660230114
26.210000000000345,1.0031675164735172
26.220000000000347,1.0031613306215175
26.23000000000035,1.00315530292413
26.24000000000035,1.0031494280695845
26.25000000000035,1.0031437009658288
26.260000000000353,1.0031381167297853
26.270000000000355,1.0031326706772075
26.280000000000356,1.003127358313105
26.290000000000358,1.0031221753226978
26.30000000000036,1.0031171175628673
26.31000000000036,1.0031121810540753
26.320000000000363,1.003107361972719
26.330000000000364,1.0031026566438985
26.340000000000366,1.0030980615345686
26.350000000000367,1.0030935732470565
26.36000000000037,1.003089188512917
26.37000000000037,1.0030849041871117
26.380000000000372,1.0030807172424892
26.390000000000374,1.0030766247645482
26.400000000000375,1.0030726239464716
26.410000000000377,1.0030687120844095
26.42000000000038,1.0030648865730032
26.43000000000038,1.003061144901131
26.44000000000038,1.0030574846478681
26.450000000000383,1.0030539034786434
26.460000000000385,1.0030503991415878
26.470000000000386,1.0030469694640591
26.480000000000388,1.0030436123493351
26.49000000000039,1.0030403257734668
26.50000000000039,1.0030371077822817
26.510000000000392,1.0030339564885282
26.520000000000394,1.0030308700691577
26.530000000000395,1.003027846762731
26.540000000000397,1.0030248848669467
26.5500000000004,1.0030219827362856
26.5600000000004,1.0030191387797607
26.5700000000004,1.003016351458772
26.580000000000403,1.0030136192850578
26.590000000000405,1.0030109408187395
26.600000000000406,1.003008314666453
26.610000000000408,1.0030057394795635
26.62000000000041,1.0030032139524603
26.63000000000041,1.003000736820926
26.640000000000413,1.0029983068605774
26.650000000000414,1.002995922885374
26.660000000000416,1.002993583746191
26.670000000000417,1.0029912883294536
26.68000000000042,1.0029890355558304
26.69000000000042,1.0029868243789817
26.700000000000422,1.0029846537843599
26.710000000000424,1.002982522788062
26.720000000000425,1.0029804304357288
26.730000000000427,1.0029783758014903
26.74000000000043,1.0029763579869537
26.75000000000043,1.002974376120235
26.76000000000043,1.0029724293550273
26.770000000000433,1.0029705168697094
26.780000000000435,1.002968637866489
26.790000000000436,1.0029667915705809
26.800000000000438,1.002964977229417
26.81000000000044,1.0029631941118886
26.82000000000044,1.0029614415076198
26.830000000000442,1.0029597187262658
26.840000000000444,1.0029580250968415
26.850000000000446,1.0029563599670765
26.860000000000447,1.0029547227027926
26.87000000000045,1.002953112687307
26.88000000000045,1.002951529320858
26.89000000000045,1.0029499720200519
26.900000000000453,1.0029484402173319
26.910000000000455,1.0029469333604661
26.920000000000456,1.0029454509120541
26.930000000000458,1.0029439923490542
26.94000000000046,1.0029425571623254
26.95000000000046,1.002941144856188
26.960000000000463,1.0029397549479997
26.970000000000464,1.0029383869677475
26.980000000000466,1.0029370404576536
26.990000000000467,1.002935714971797
