0.0,0.2834842387476704
1.0,0.33817250574527424
2.0,0.4027495165325085
3.0,0.4788716365527217
4.0,0.5684477556935185
5.0,0.6736733267038642
6.0,0.797068237293816
7.0,0.9415188263941906
8.0,1.1103243609736528
9.0,1.3072482923094164
10.0,1.536574609015633
11.0,1.8031695977318376
12.0,2.1125493103992516
13.0,2.4709530187044697
14.0,2.8854229107188902
15.0,3.3638902511612865
16.0,3.9152681842098014
17.0,4.5495513055497145
18.0,5.277922067556523
19.0,6.1128640074236475
20.0,7.068281701967816
21.0,8.159627254201187
22.0,9.404033005093101
23.0,10.820450038958375
24.0,12.429791912493924
25.0,14.255082885751127
26.0,16.321609768638346
27.0,18.657076319540646
28.0,21.29175894427845
29.0,24.2586622452026
30.0,27.59367276340485
31.0,31.33570904386291
32.0,35.526865936296474
33.0,40.21255082645712
34.0,45.44160927679765
35.0,51.26643734567149
36.0,57.74307765449157
37.0,64.93129608710623
38.0,72.89463583983003
39.0,81.70044539918786
40.0,91.4198769128205
41.0,102.12785134261735
42.0,113.90298675354242
43.0,126.82748610230709
44.0,140.98698095239342
45.0,156.47032766107043
46.0,173.36935276469902
47.0,191.77854453501712
48.0,211.79468799478326
49.0,233.51644106890652
50.0,257.0438500088158
51.0,282.4778027640694
52.0,309.91941958561654
53.0,339.46938082790746
54.0,371.22719266900225
55.0,405.29039228421897
56.0,441.7536948834002
57.0,480.70808594666715
58.0,522.2398629590374
59.0,566.429631939427
60.0,613.3512650717007
61.0,663.0708267605282
62.0,715.6454764375145
63.0,771.1223574169474
64.0,829.5374820281944
65.0,890.9146241152959
66.0,955.2642307752615
67.0,1022.5823658866065
68.0,1092.8496985405918
69.0,1166.0305499120298
70.0,1242.0720123779217
71.0,1320.9031547955444
72.0,1402.4343277736916
73.0,1486.556582500457
74.0,1573.1412162196616
75.0,1662.0394567700341
76.0,1753.082297713873
77.0,1846.0804944859808
78.0,1940.824730693354
79.0,2037.0859621995323
80.0,2134.6159449463157
81.0,2233.147950615298
82.0,2332.3976722314246
83.0,2432.064319683266
84.0,2531.8319029057693
85.0,2631.370698169715
86.0,2730.3388905794513
87.0,2828.384383530001
88.0,2925.1467635515273
89.0,3020.259406709274
90.0,3113.351710566847
91.0,3204.051433696218
92.0,3291.987122864049
93.0,3376.790606374463
94.0,3458.0995306342265
95.0,3535.5599158557793
96.0,3608.8287059511563
97.0,3677.576287116197
98.0,3741.488949375486
99.0,3800.2712654650704
100.0,3853.6483618779057
101.0,3901.36805768621
102.0,3943.202847880024
103.0,3978.951709411043
104.0,4008.441709888551
105.0,4031.5294009181007
106.0,4048.1019803763315
107.0,4058.0782104456457
108.0,4061.4090809546706
109.0,4058.0782104456457
110.0,4048.1019803763315
111.0,4031.5294009181007
112.0,4008.441709888551
113.0,3978.951709411043
114.0,3943.202847880024
115.0,3901.36805768621
116.0,3853.6483618779057
117.0,3800.2712654650704
118.0,3741.488949375486
119.0,3677.576287116197
120.0,3608.8287059511563
121.0,3535.5599158557793
122.0,3458.0995306342265
123.0,3376.790606374463
124.0,3291.987122864049
125.0,3204.051433696218
126.0,3113.351710566847
127.0,3020.259406709274
128.0,2925.1467635515273
129.0,2828.384383530001
130.0,2730.3388905794513
131.0,2631.370698169715
132.0,2531.8319029057693
133.0,2432.064319683266
134.0,2332.3976722314246
135.0,2233.147950615298
136.0,2134.6159449463157
137.0,2037.0859621995323
138.0,1940.824730693354
139.0,1846.0804944859808
140.0,1753.082297713873
141.0,1662.0394567700341
142.0,1573.1412162196616
143.0,1486.556582500457
144.0,1402.4343277736916
145.0,1320.9031547955444
146.0,1242.0720123779217
147.0,1166.0305499120298
148.0,1092.8496985405918
149.0,1022.5823658866065
150.0,955.2642307752615
151.0,890.9146241152959
152.0,829.5374820281944
153.0,771.1223574169474
154.0,715.6454764375145
155.0,663.0708267605282
156.0,613.3512650717007
157.0,566.429631939427
158.0,522.2398629590374
159.0,480.70808594666715
160.0,441.7536948834002
161.0,405.29039228421897
162.0,371.22719266900225
163.0,339.46938082790746
164.0,309.91941958561654
165.0,282.4778027640694
166.0,257.0438500088158
167.0,233.51644106890652
168.0,211.79468799478326
169.0,191.77854453501712
170.0,173.36935276469902
171.0,156.47032766107043
172.0,140.98698095239342
173.0,126.82748610230709
174.0,113.90298675354242
175.0,102.12785134261735
176.0,91.4198769128205
177.0,81.70044539918786
178.0,72.89463583983003
179.0,64.93129608710623
180.0,57.74307765449157
181.0,51.26643734567149
182.0,45.44160927679765
183.0,40.21255082645712
184.0,35.526865936296474
185.0,31.33570904386291
186.0,27.59367276340485
187.0,24.2586622452026
188.0,21.29175894427845
189.0,18.657076319540646
190.0,16.321609768638346
191.0,14.255082885751127
192.0,12.429791912493924
193.0,10.820450038958375
194.0,9.404033005093101
195.0,8.159627254201187
196.0,7.068281701967816
197.0,6.1128640074236475
198.0,5.277922067556523
199.0,4.5495513055497145
200.0,3.9152681842098014
201.0,3.3638902511612865
202.0,2.8854229107188902
203.0,2.4709530187044697
204.0,2.1125493103992516
205.0,1.8031695977318376
206.0,1.536574609015633
207.0,1.3072482923094164
208.0,1.1103243609736528
209.0,0.9415188263941906
210.0,0.797068237293816
211.0,0.6736733267038642
212.0,0.5684477556935185
213.0,0.4788716365527217
214.0,0.4027495165325085
215.0,0.33817250574527424
216.0,0.2834842387476704
217.0,0.23725036805419852
218.0,0.19823129879847062
219.0,0.1653578864655617
220.0,0.13770983361163744
221.0,0.11449653636857018
222.0,0.09504014695543031
223.0,0.07876063408811303
224.0,0.06516263884113678
225.0,0.05382393896215649
226.0,0.04438534969881989
227.0,0.03654190373296457
228.0,0.030035166723627087
229.0,0.0246465581602389
230.0,0.02019155966708986
231.0,0.01651470454670144
232.0,0.01348525318785092
233.0,0.010993468993035145
234.0,0.008947418711690717
235.0,0.007270229520777935
236.0,0.005897742902308122
237.0,0.004776512362737493
238.0,0.0038620983607028916
239.0,0.0031176194989153633
240.0,0.002512524136298735
241.0,0.0020215511313636165
242.0,0.0016238524807965086
243.0,0.0013022542108609629
244.0,0.0010426350545733743
245.0,0.0008334052440345051
246.0,0.0006650702019765451
247.0,0.0005298660644431869
248.0,0.00042145584007372716
249.0,0.0003346766407791135
250.0,0.0002653298312997843
251.0,0.0002100071664448088
252.0,0.00016594703763242387
253.0,0.00013091585537077356
254.0,0.00010311037012745831
255.0,8.107739726963072e-05
