300.0,0.4928504590131066
300.5,0.5075487940508987
301.0,0.5228387013939322
301.5,0.5387470756674299
302.0,0.5553018683756265
302.5,0.5725320761844189
303.0,0.590467716321379
303.5,0.6091397864124728
304.0,0.6285802056491155
304.5,0.6488217337015281
305.0,0.6698978632625341
305.5,0.6918426815191538
306.0,0.7146906952089851
306.5,0.7384766132288365
307.0,0.7632350800329825
307.5,0.7890003523020114
308.0,0.8158059106021541
308.5,0.8436839970203881
309.0,0.8726650690957141
309.5,0.9027771598298889
310.0,0.9340451332277182
310.5,0.9664898247852536
311.0,1.0001270567359215
311.5,1.0349665188289205
312.0,1.0710105071290552
312.5,1.108252515998615
313.0,1.1466756822806992
313.5,1.1862510859965514
314.0,1.2269359188459414
314.5,1.2686715406871676
315.0,1.3113814551455132
315.5,1.3549692486306293
316.0,1.399316552252718
316.5,1.4442811031085325
317.0,1.4896949995548263
317.5,1.5353632634177037
318.0,1.5810628391830381
318.5,1.6265421741899673
319.0,1.6715215323763997
319.5,1.7156941945310609
320.0,1.758728687483855
320.5,1.8002721605962706
321.0,1.839954988304163
321.5,1.8773966214744346
322.0,1.9122126388158347
322.5,1.944022865537323
323.0,1.9724603352859733
323.5,1.9971807808468938
324.0,2.0178722586580933
324.5,2.034264452163167
325.0,2.0461371690342682
325.5,2.053327554731181
326.0,2.0557355933238632
326.5,2.053327554731181
327.0,2.0461371690342682
327.5,2.034264452163167
328.0,2.0178722586580933
328.5,1.9971807808468938
329.0,1.9724603352859733
329.5,1.944022865537323
330.0,1.9122126388158347
330.5,1.8773966214744346
331.0,1.839954988304163
331.5,1.8002721605962706
332.0,1.758728687483855
332.5,1.7156941945310609
333.0,1.6715215323763997
333.5,1.6265421741899673
334.0,1.5810628391830381
334.5,1.5353632634177037
335.0,1.4896949995548263
335.5,1.4442811031085325
336.0,1.399316552252718
336.5,1.3549692486306293
337.0,1.3113814551455132
337.5,1.2686715406871676
338.0,1.2269359188459414
338.5,1.1862510859965514
339.0,1.1466756822806992
339.5,1.108252515998615
340.0,1.0710105071290552
340.5,1.0349665188289205
341.0,1.0001270567359215
341.5,0.9664898247852536
342.0,0.9340451332277182
342.5,0.9027771598298889
343.0,0.8726650690957141
343.5,0.8436839970203881
344.0,0.8158059106021541
344.5,0.7890003523020114
345.0,0.7632350800329825
345.5,0.7384766132288365
346.0,0.7146906952089851
346.5,0.6918426815191538
347.0,0.6698978632625341
347.5,0.6488217337015281
348.0,0.6285802056491155
348.5,0.6091397864124728
349.0,0.590467716321379
349.5,0.5725320761844189
350.0,0.5553018683756265
350.5,0.5387470756674299
351.0,0.5228387013939322
351.5,0.5075487940508987
352.0,0.4928504590131066
352.5,0.47871785967277863
353.0,0.4651262099710012
353.5,0.45205176000336095
354.0,0.4394717761275934
354.5,0.42736451678090315
355.0,0.4157092050241504
355.5,0.40448599866583995
356.0,0.3936759586776542
356.5,0.3832610164922669
357.0,0.37322394067078324
357.5,0.36354830333905325
358.0,0.3542184467172804
358.5,0.34521945000395093
359.0,0.3365370968215929
359.5,0.3281578433868253
360.0,0.3200687875293752
360.5,0.31225763865317246
361.0,0.3047126887063732
361.5,0.29742278420541246
362.0,0.29037729934028383
362.5,0.28356611017358907
363.0,0.27697956993400497
363.5,0.27060848539523763
364.0,0.26444409432391797
364.5,0.2584780439739138
365.0,0.2527023705999313
365.5,0.24710947995982127
366.0,0.24169212877249815
366.5,0.23644340709666314
367.0,0.23135672159444706
367.5,0.22642577964355054
368.0,0.22164457426134124
368.5,0.21700736980460636
369.0,0.21250868840916212
369.5,0.20814329713425078
370.0,0.20390619577754526
370.5,0.19979260532760026
371.0,0.19579795702169808
371.5,0.19191788197821025
372.0,0.1881482013738091
372.5,0.18448491713709933
373.0,0.18092420313147883
373.5,0.1774623968012735
374.0,0.17409599125640746
374.5,0.17082162777206644
375.0,0.16763608868097202
375.5,0.16453629063701855
376.0,0.16151927823011178
376.5,0.15858221793310168
377.0,0.15572239236271154
377.5,0.1529371948373307
378.0,0.15022412421546527
378.5,0.14758077999952024
379.0,0.1450048576904287
379.5,0.14249414437944036
380.0,0.14004651456414166
380.5,0.13765992617649864
381.0,0.13533241681139538
381.5,0.13306210014478742
382.0,0.1308471625311994
382.5,0.12868585977087463
383.0,0.1265765140374298
383.5,0.12451751095738299
384.0,0.12250729683341083
384.5,0.12054437600364888
385.0,0.11862730832978258
385.5,0.116754706807085
386.0,0.11492523528994239
386.5,0.11313760632677139
387.0,0.11139057909857393
387.5,0.10968295745569898
388.0,0.10801358804768182
388.5,0.10638135854132104
389.0,0.10478519592241964
389.5,0.10322406487687281
390.0,0.10169696624702347
390.5,0.10020293555943183
391.0,0.0987410416204178
391.5,0.09731038517593543
392.0,0.09591009763252643
392.5,0.09453933983627773
393.0,0.09319730090687567
393.5,0.09188319712400642
394.0,0.09059627086350182
394.5,0.08933578958076914
395.0,0.088101044839176
395.5,0.08689135138118562
396.0,0.08570604624015593
396.5,0.08454448789082601
397.0,0.0834060554366184
397.5,0.08229014783198417
398.0,0.081196183138111
398.5,0.0801235978104019
399.0,0.07907184601621566
399.5,0.07804039898143776
400.0,0.07702874436452525
400.5,0.076036385656738
401.0,0.07506284160733522
401.5,0.07410764567257866
402.0,0.07317034548744213
402.5,0.07225050235898323
403.0,0.07134769078038565
403.5,0.07046149796473007
404.0,0.06959152339759891
404.5,0.06873737840766468
405.0,0.06789868575445368
405.5,0.06707507923251693
406.0,0.06626620329127786
406.5,0.0654717126698619
407.0,0.06469127204624722
407.5,0.06392455570010765
408.0,0.06317124718874943
408.5,0.06243103903557232
409.0,0.06170363243051217
409.5,0.06098873694194912
410.0,0.06028607023958901
410.5,0.05959535782784942
411.0,0.058916332789303805
411.5,0.05824873553775779
412.0,0.0575923135805522
412.5,0.05694682128970537
413.0,0.056312019681526194
413.5,0.0556876762043454
414.0,0.055073564534029534
414.5,0.05446946437695701
415.0,0.05387516128015003
415.5,0.05329044644827077
416.0,0.05271511656720236
416.5,0.05214897363394876
417.0,0.051591824792598676
417.5,0.05104348217611067
418.0,0.05050376275368687
418.5,0.049972488183513394
419.0,0.04944948467065498
419.5,0.048934582829900874
420.0,0.048427617553367844
420.5,0.047928427882674485
421.0,0.047436856885509124
421.5,0.04695275153642127
422.0,0.04647596260167393
422.5,0.04600634452800074
423.0,0.04554375533511894
423.5,0.04508805651185525
424.0,0.044639112915747736
424.5,0.04419679267599262
425.0,0.04376096709961039
425.5,0.04333151058071081
426.0,0.04290830051274152
426.5,0.04249121720360939
427.0,0.04208014379356884
427.5,0.04167496617577517
428.0,0.04127557291940531
428.5,0.040881855195252594
429.0,0.04049370670370553
429.5,0.04011102360502439
430.0,0.03973370445183296
430.5,0.039361650123745984
431.0,0.03899476376405592
431.5,0.038632950718405945
432.0,0.03827611847537873
432.5,0.03792417660893345
433.0,0.03757703672262608
433.5,0.03723461239555058
434.0,0.03689681912994101
434.5,0.036563574300376885
435.0,0.03623479710453647
435.5,0.035910408515444484
436.0,0.03559033123516323
436.5,0.03527448964987768
437.0,0.034962809786327105
437.5,0.03465521926953767
438.0,0.034351647281812094
438.5,0.034052024522933995
439.0,0.03375628317154639
439.5,0.03346435684766511
440.0,0.03317618057628932
440.5,0.032891690752073086
441.0,0.032610825105022695
441.5,0.0323335226671863
442.0,0.03205972374030326
442.5,0.03178936986438192
443.0,0.031522403787175746
443.5,0.031258769434528724
444.0,0.030998411881561997
444.5,0.03074127732467472
445.0,0.030487313054333193
445.5,0.030236467428622946
446.0,0.029988689847539926
446.5,0.029743930727996897
447.0,0.029502141479523115
447.5,0.029263274480634913
448.0,0.029027283055856792
448.5,0.028794121453372283
449.0,0.028563744823285244
449.5,0.028336109196472847
450.0,0.028111171464011608
450.5,0.027888889357159406
451.0,0.027669221427875926
451.5,0.027452127029865644
452.0,0.027237566300127015
452.5,0.027025500140992916
453.0,0.026815890202647262
453.5,0.026608698866103696
454.0,0.026403889226632372
454.5,0.026201425077621496
455.0,0.026001270894860797
455.5,0.025803391821234273
456.0,0.025607753651810297
456.5,0.025414322819317218
457.0,0.025223066379993355
457.5,0.025033951999800255
458.0,0.0248469479409888
458.5,0.024662023049007813
459.0,0.02447914673974537
459.5,0.024298288987093106
460.0,0.02411942031082436
460.5,0.02394251176477712
461.0,0.023767534925333095
461.5,0.0235944618801845
462.0,0.023423265217380376
462.5,0.023253918014644635
463.0,0.02308639382895807
463.5,0.02292066668639707
464.0,0.02275671107222171
464.5,0.022594501921206454
465.0,0.022434014608206557
465.5,0.02227522493895376
466.0,0.022118109141074958
466.5,0.02196264385532763
467.0,0.021808806127046197
467.5,0.02165657339779347
468.0,0.021505923497211657
468.5,0.021356834635067497
469.0,0.02120928539348627
469.5,0.02106325471936962
470.0,0.020918721916992223
470.5,0.020775666640772513
471.0,0.020634068888212873
471.5,0.020493908993004725
472.0,0.020355167618294128
472.5,0.020217825750103786
473.0,0.02008186469090711
473.5,0.019947266053350603
474.0,0.01981401175412043
474.5,0.019682084007949668
