300.0,7.882350459013106
300.5,7.893831294050899
301.0,7.905903701393933
301.5,7.91859457566743
302.0,7.931931868375627
302.5,7.945944576184419
303.0,7.96066271632138
303.5,7.976117286412474
304.0,7.992340205649116
304.5,8.009364233701529
305.0,8.027222863262534
305.5,8.045950181519155
306.0,8.065580695208986
306.5,8.086149113228837
307.0,8.107690080032983
307.5,8.130237852302011
308.0,8.153825910602155
308.5,8.178486497020389
309.0,8.204250069095714
309.5,8.231144659829889
310.0,8.259195133227719
310.5,8.288422324785255
311.0,8.318842056735923
311.5,8.350464018828921
312.0,8.383290507129056
312.5,8.417315015998616
313.0,8.4525206822807
313.5,8.48887858599655
314.0,8.52634591884594
314.5,8.564864040687167
315.0,8.604356455145513
315.5,8.64472674863063
316.0,8.68585655225272
316.5,8.727603603108534
317.0,8.769799999554827
317.5,8.812250763417705
318.0,8.85473283918304
318.5,8.896994674189967
319.0,8.9387565323764
319.5,8.979711694531062
320.0,9.019528687483856
320.5,9.05785466059627
321.0,9.094319988304163
321.5,9.128544121474434
322.0,9.160142638815834
322.5,9.188735365537323
323.0,9.213955335285974
323.5,9.235458280846894
324.0,9.252932258658094
324.5,9.266106952163168
325.0,9.274762169034268
325.5,9.27873505473118
326.0,9.277925593323864
326.5,9.272300054731181
327.0,9.261892169034269
327.5,9.246801952163167
328.0,9.227192258658093
328.5,9.203283280846893
329.0,9.175345335285973
329.5,9.143690365537324
330.0,9.108662638815835
330.5,9.070629121474436
331.0,9.029969988304163
331.5,8.987069660596271
332.0,8.942308687483855
332.5,8.896056694531062
333.0,8.8486665323764
333.5,8.80046967418997
334.0,8.75177283918304
334.5,8.702855763417706
335.0,8.653969999554828
335.5,8.605338603108535
336.0,8.55715655225272
336.5,8.509591748630633
337.0,8.46278645514552
337.5,8.416859040687177
338.0,8.371905918845954
338.5,8.328003585996568
339.0,8.285210682280722
339.5,8.243570015998644
340.0,8.203110507129095
340.5,8.163849018828975
341.0,8.125792056735994
341.5,8.08893732478535
342.0,8.053275133227848
342.5,8.018789659830063
343.0,7.9854600690959465
343.5,7.953261497020699
344.0,7.922165910602568
344.5,7.8921428523025625
345.0,7.8631600800337145
345.5,7.835184113229809
346.0,7.8081806952102735
346.5,7.782115181520858
347.0,7.756952863264786
347.5,7.732659233704499
348.0,7.70920020565303
348.5,7.686542286417621
349.0,7.664652716328142
349.5,7.64349957619329
350.0,7.623051868387245
350.5,7.603279575682623
351.0,7.584153701413771
351.5,7.565646294076765
352.0,7.547730459046781
352.5,7.530380359716553
353.0,7.513571210027818
353.5,7.497279260076997
354.0,7.4814817762228865
354.5,7.466157016904038
355.0,7.451284205183025
355.5,7.436843498870519
356.0,7.4228159589409515
356.5,7.409183516830465
357.0,7.39592894110454
357.5,7.383035803894538
358.0,7.370488447427593
358.5,7.358271950910887
359.0,7.346372097977852
359.5,7.334775344858747
360.0,7.323468789400338
360.5,7.312440141027804
361.0,7.3016776917157635
361.5,7.291170288013541
362.0,7.280907304151952
362.5,7.270878616244173
363.0,7.261074577581447
363.5,7.251485995014747
364.0,7.242104106405965
364.5,7.23292055912623
365.0,7.223927389574348
365.5,7.2151170036849575
366.0,7.206482158393512
366.5,7.198015944023492
367.0,7.189711767560267
367.5,7.181563336775482
368.0,7.173564645165826
368.5,7.165709957670314
369.0,7.157993797130807
369.5,7.150410931461313
370.0,7.142956361492584
370.5,7.135625309459666
371.0,7.128413208101304
371.5,7.121315690341413
372.0,7.114328579524204
372.5,7.10744788017599
373.0,7.100669769268142
373.5,7.093990587957133
374.0,7.087406833779103
374.5,7.080915153277873
375.0,7.074512335046819
375.5,7.06819530316653
376.0,7.061961111021669
376.5,7.0558069354819475
377.0,7.049730071433662
377.5,7.043727926649684
378.0,7.037798016987387
378.5,7.03193796190544
379.0,7.026145480291967
379.5,7.02041838659809
380.0,7.014754587272426
380.5,7.0091520774936384
381.0,7.003608938199736
381.5,6.998123333414354
382.0,6.992693507871826
382.5,6.987317784944402
383.0,6.981994564876557
383.5,6.97672232333281
384.0,6.971499610267007
384.5,6.966325049122455
385.0,6.961197336373674
385.5,6.95611524142185
386.0,6.9510776068572495
386.5,6.946083349102931
387.0,6.941131459454982
387.5,6.936221005535238
388.0,6.931351133172897
388.5,6.9265210687316925
389.0,6.921730121899175
389.5,6.916977688954216
390.0,7.0019132565280415
390.5,7.000453905872804
391.0,6.999031817649913
391.5,6.997646777248104
392.0,6.996298680638242
392.5,6.994987540768398
393.0,6.993713494498448
393.5,6.992476810068565
394.0,6.991277895090209
394.5,6.9901173050417675
395.0,6.988995752243642
395.5,6.9879141152794615
396.0,6.986873448821103
396.5,6.985874993805381
397.0,6.9849201878997
397.5,6.984010676182555
398.0,6.983148321952709
398.5,6.982335217568195
399.0,6.981573695203045
399.5,6.980866337396007
400.0,6.980215987251645
400.5,6.979625758140178
401.0,6.979099042728495
401.5,6.978639521161189
402.0,6.978251168197324
402.5,6.977938259096379
403.0,6.977705374035534
403.5,6.977557400830611
404.0,6.977499535724719
404.5,6.977537282002417
405.0,6.977676446183288
405.5,6.97792313154743
406.0,6.97828372874708
406.5,6.978764903263424
407.0,6.979373579476146
407.5,6.980116921125515
408.0,6.9810023079632115
408.5,6.982037308408734
409.0,6.983229648053299
409.5,6.9845871738828
410.0,6.986117814125636
410.5,6.987829533669983
411.0,6.98973028503842
411.5,6.991827954955368
412.0,6.9941303065944656
412.5,6.99664491764833
413.0,6.999379114421764
413.5,7.002339902210837
414.0,7.005533892293708
414.5,7.008967225923994
415.0,7.012645495783017
415.5,7.01657366541256
416.0,7.0207559872139536
416.5,7.0251959196613125
417.0,7.029896044435588
417.5,7.0348579842407055
418.0,7.040082322112354
418.5,7.045568523072814
419.0,7.051314859020684
419.5,7.057318337771232
420.0,7.063574637180592
420.5,7.070078045294143
421.0,7.076821407455434
421.5,7.083796081296228
422.0,7.0909919005001845
422.5,7.098397148191894
423.0,7.105998540749409
423.5,7.113781222771833
424.0,7.121728773854356
424.5,7.129823227731572
425.0,7.138045104246693
425.5,7.146373454490133
426.0,7.154785919326938
426.5,7.163258801399863
427.0,7.171767150555022
427.5,7.180284862491422
428.0,7.188784790286298
428.5,7.197238868296611
429.0,7.205618247785578
429.5,7.213893443473594
430.0,7.222034490067592
430.5,7.230011107683824
431.0,7.2377928749484495
431.5,7.2453494084401555
432.0,7.252650547031338
432.5,7.259666539590983
433.0,7.266368234434934
433.5,7.2727272688493025
434.0,7.278716256971504
434.5,7.284308974291942
435.0,7.289480537038326
435.5,7.294207574724533
436.0,7.298468394186883
436.5,7.3022431334926035
437.0,7.305513904187483
437.5,7.308264920451614
438.0,7.3104826138524786
438.5,7.312155732522034
439.0,7.313275423737333
439.5,7.313835299050516
440.0,7.3138314812916905
440.5,7.313262632954924
441.0,7.31212996567081
441.5,7.310437230666286
442.0,7.308190690310969
442.5,7.305399071046458
443.0,7.3020734981883315
443.5,7.298227413277255
444.0,7.293876474833281
444.5,7.289038443533763
445.0,7.283733052988123
445.5,7.277981867420188
446.0,7.271808127689103
446.5,7.265236587181748
447.0,7.258293339191831
447.5,7.251005637462684
448.0,7.243401711611816
448.5,7.235510579175122
449.0,7.227361856007678
449.5,7.21898556675655
450.0,7.210411957079771
450.5,7.201671309225729
451.0,7.192793762509749
451.5,7.183809140131224
452.0,7.174746783667019
452.5,7.165635396456639
453.0,7.1565028969641
453.5,7.147376283062357
454.0,7.138281508040828
454.5,7.129243368987044
455.0,7.120285408041943
455.5,7.1114298268768135
456.0,7.102697414590418
456.5,7.094107489079295
457.0,7.0856778517942836
457.5,7.077424755663693
458.0,7.0693628858394995
458.5,7.0615053528088145
459.0,7.053863697309669
459.5,7.046447906398562
460.0,7.039266439938049
460.5,7.032326266706108
461.0,7.0256329092753615
461.5,7.019190496769484
462.0,7.0130018245760475
462.5,7.007068420079239
463.0,7.001390613471947
463.5,6.995967612713761
464.0,6.990797581718973
464.5,6.985877720885495
465.0,6.981204349111073
465.5,6.976772986485991
466.0,6.972578436900753
466.5,6.9686148698618195
467.0,6.964875900867283
467.5,6.9613546697564175
468.0,6.958043916511126
468.5,6.954936054052678
469.0,6.952023237642602
469.5,6.949297430561503
470.0,6.9467504658030395
470.5,6.944374103581624
471.0,6.942160084510999
471.5,6.940100178366167
472.0,6.938186228392756
472.5,6.936410191175511
473.0,6.934764172120806
473.5,6.933240456646913
474.0,6.931831537209922
474.5,6.930530136322863
