303.83683263140625,1.7988479916050613
308.83065087522004,1.9724210176340047
313.8358606374531,2.1592329203888445
318.8837885937585,2.3611691045032197
323.8994405812092,2.5757462409510623
329.0176643744039,2.809480860606663
333.9829556821992,3.0508794851966603
338.98436827162584,3.3089567614697315
344.01236107069747,3.583785075942119
349.0678833726157,3.875887802147372
354.10441981050184,4.182766845966516
359.1485505940008,4.506057469093311
364.1860363250886,4.844833998917485
369.2501022658213,5.201313370908999
374.33790053659425,5.575317184987184
379.39342283851255,5.962366581619897
384.43090856960026,6.362892125915201
389.50067026954264,6.780407758856496
394.5362574142272,7.208769030865466
399.6079177005728,7.6531662687095405
404.67388222770876,8.109136753932692
409.75883261887685,8.577895871532856
414.82194926640796,9.054497507893823
419.87842086152784,9.538997051662015
424.9443853886638,10.031535541648699
429.9599187144644,10.524699124781243
435.07631444293577,11.031791433980146
440.14132967687016,11.536030771274241
445.21298996321576,12.041317485364193
450.30933187280317,12.547507459648514
455.3430204310845,13.043961058061551
460.82788736430314,13.578561824726679
465.30365367546034,14.008096436987257
470.59407443178236,14.505875866575046
475.6325094560717,14.967807973533768
480.7136626744334,15.419471903361002
485.78722154718224,15.85409695198986
490.86172971313266,16.27032287764571
496.2210051668041,16.68754469270311
500.97467290337244,17.03652383042734
506.0292459120891,17.38398949025481
511.3688862370831,17.722667572245104
516.1421891023289,17.99913665062318
521.1502467441667,18.26102848551857
526.2209577373108,18.495406392733177
531.223319619939,18.695017799248888
536.2598560578251,18.863184569676186
541.3030375481225,18.997664584718496
546.3091966035572,19.096864528961063
551.2963697949597,19.16117432121859
556.276897933951,19.190668389809918
561.2792598165793,19.18519443990614
566.2569400759656,19.144863065568323
571.2374682149568,19.069900325613453
576.1686331074645,18.961974826112414
581.1263782096172,18.820238528423857
586.1173485738261,18.644664178265977
591.0513613459386,18.43958170004758
596.0176500869057,18.202607242908762
600.9820402414697,17.936332025512527
605.9625683804609,17.64105451648958
610.8643051837187,17.32441311468902
615.8248981654763,16.979285986054265
620.743722246363,16.614239632965123
625.7233010921526,16.223346519251635
630.700981351539,15.813045119587278
635.2023374033768,15.426806770352195
640.5813477073849,14.948470732297512
645.5580786735698,14.491730780594041
650.4930407388838,14.027437846261257
655.4488872546333,13.551783396531762
660.4341618596325,13.06582425911145
665.4175378782286,12.57455300914087
670.3600942891555,12.08380796307204
675.3520139465661,11.586522425221599
680.302164703106,11.09358245698032
685.2779463760892,10.600020177980065
690.259423808282,10.10949566164918
695.2209660832411,9.626079991745394
700.1976970494259,9.147809275189244
705.2105011572719,8.674157837521635
710.198623641876,8.212157202301633
715.1715574352544,7.76195584586898
720.1255053646007,7.324801678394463
725.1107799695999,6.897198920992815
730.094155988196,6.482894051299037
735.1155037348565,6.0793973975705695
740.0988797534525,5.693373412310436
745.1059881020888,5.3204327720287505
750.1387273671685,4.9610025095715615
755.1296977313774,4.620062109157819
760.1320596140056,4.293979534848732
765.1315736170291,3.9837709655839295
770.1880452121488,3.685941710607517
775.193254974382,3.4067725789186287
780.1946675638086,3.143165370220483
785.184688634816,2.895192607972914
790.1889491038474,2.661275500329273
795.1998546252901,2.441489673494682
800.2430361155875,2.23445606657558
805.2491951710222,2.042539927353781
810.2572528128601,1.8636154110245333
815.3099272351735,1.6958142065621078
820.3151369974066,1.5416435192659341
825.3212960528413,1.3988918094367786
830.3189114694615,1.2672450461856772
835.3383606297186,1.1453792287188904
840.3843899996208,1.0327545089561663
845.3782082434345,0.9304907130317286
850.3758236600548,0.8367540513410047
855.5533576331522,0.7481436144381106
860.1081130108707,0.676883599355454
865.4474612456488,0.6007779523216934
870.4336851438497,0.5364390733964032
875.4341484400748,0.4779599783220676
880.4336624430982,0.42508567308689765
885.4293792733151,0.3774029971807375
890.4393355015562,0.33434059874917066
894.7911427012614,0.30049452839289337
