303.83683263140625,36.59984175964065
308.83065087522004,36.77359130807342
313.8358606374531,36.96060971741144
318.8837885937585,37.162788846568816
323.8994405812092,37.377647192778596
329.0176643744039,37.61171598762545
333.9829556821992,37.85349126896858
338.98436827162584,38.11200797271835
344.01236107069747,38.387347678545936
349.0678833726157,38.68004523787203
354.10441981050184,38.98760888442907
359.1485505940008,39.31169030222577
364.1860363250886,39.651376380355615
369.2501022658213,40.00890754149372
374.33790053659425,40.38412594669125
379.39342283851255,40.77256027639734
384.43090856960026,41.17466597137505
389.50067026954264,41.59400020141936
394.5362574142272,42.02442398772732
399.6079177005728,42.47118968043671
404.67388222770876,42.92985454807075
409.75883261887685,43.40168967071823
414.82194926640796,43.8817694292857
419.87842086152784,44.370206222990845
424.9443853886638,44.8672093684193
429.9599187144644,45.365365795067476
435.07631444293577,45.878206175510506
440.14132967687016,46.38886121162124
445.21298996321576,46.90137616225278
450.30933187280317,47.41572921924471
455.3430204310845,47.92122628451585
460.82788736430314,48.46691164983183
465.30365367546034,48.90653976968076
470.59407443178236,49.41758906456145
475.6325094560717,49.89363932016996
480.7136626744334,50.361149363769606
485.78722154718224,50.81336323467636
490.86172971313266,51.24911355532657
496.2210051668041,51.689251286384376
500.97467290337244,52.06070850098935
506.0292459120891,52.434489370746626
511.3688862370831,52.803901996274334
516.1421891023289,53.11061319150056
521.1502467441667,53.40727225578331
526.2209577373108,53.68026978387614
531.223319619939,53.921610869704445
536.2598560578251,54.13571084133787
541.3030375481225,54.32041336115485
546.3091966035572,54.47395061399694
551.2963697949597,54.59713963365073
556.276897933951,54.690478910660694
561.2792598165793,54.75453138004168
566.2569400759656,54.789091116739016
571.2374682149568,54.79510335417011
576.1686331074645,54.77364658292968
581.1263782096172,54.72551042948713
586.1173485738261,54.651273000143256
591.0513613459386,54.55373954619499
596.0176500869057,54.43277580608307
600.9820402414697,54.29060538099129
605.9625683804609,54.12837212449523
610.8643051837187,53.951363364987316
615.8248981654763,53.75666631985679
620.743722246363,53.55017077313248
625.7233010921526,53.329629874449836
630.700981351539,53.09982166105074
635.2023374033768,52.88583348701408
640.5813477073849,52.624865743017
645.5580786735698,52.380675499039555
650.4930407388838,52.138222988210444
655.4488872546333,51.89662804890142
660.4341618596325,51.657673140947466
665.4175378782286,51.425007263740326
670.3600942891555,51.202369595349026
675.3520139465661,50.98764251245241
680.302164703106,50.78656023891027
685.2779463760892,50.59800106724751
690.259423808282,50.42438892901683
695.2209660832411,50.267935635886076
700.1976970494259,50.12873785065415
705.2105011572719,50.00756232207924
710.198623641876,49.90684079230125
715.1715574352544,49.826856538301755
720.1255053646007,49.76798506548542
725.1107799695999,49.73005219982381
730.094155988196,49.713663309618184
735.1155037348565,49.71890262922831
740.0988797534525,49.74549077414909
745.1059881020888,49.79328595287583
750.1387273671685,49.862060438602754
755.1296977313774,49.95007426198108
760.1320596140056,50.057207198465534
765.1315736170291,50.182178491070516
770.1880452121488,50.32558639067968
775.193254974382,50.48308303134429
780.1946675638086,50.65448886440525
785.184688634816,50.83796954112147
790.1889491038474,51.03287114407099
795.1998546252901,51.23727309755192
800.2430361155875,51.45054493600603
805.2491951710222,51.66792210714817
810.2572528128601,51.88917846572406
815.3099272351735,52.11434543906124
820.3151369974066,52.3374155755779
825.3212960528413,52.55865415412923
830.3189114694615,52.77577977034605
835.3383606297186,52.98824592716288
840.3843899996208,53.194337112238145
845.3782082434345,53.38913246963138
850.3758236600548,53.57326157878941
855.5533576331522,53.7508907110289
860.1081130108707,53.89477228997342
865.4474612456488,54.04715203418353
870.4336851438497,54.1722090399178
875.4341484400748,54.279633041042864
880.4336624430982,54.36790277819648
885.4293792733151,54.43598991771172
890.4393355015562,54.483189754260174
894.7911427012614,54.50646023300399
