303.83683263140625,0.0009937680355894486
308.83065087522004,0.001170290439417048
313.8358606374531,0.0013767970225975067
318.8837885937585,0.0016197420655983674
323.8994405812092,0.0019009518275398297
329.0176643744039,0.0022351270187889014
333.9829556821992,0.002611783771927152
338.98436827162584,0.003051211248623845
344.01236107069747,0.003562602603821354
349.0678833726157,0.004157435724661195
354.10441981050184,0.004842038462560049
359.1485505940008,0.005632833132463765
364.1860363250886,0.0065423814381310634
369.2501022658213,0.007594170584723101
374.33790053659425,0.008808761704069865
379.39342283851255,0.010193694777448758
384.43090856960026,0.011773845459852342
389.50067026954264,0.013592442562869489
394.5362574142272,0.015654956861851976
399.6079177005728,0.018023411727172093
404.67388222770876,0.02071779413806013
409.75883261887685,0.0237937991853692
414.82194926640796,0.027271921391874825
419.87842086152784,0.031209171328833968
424.9443853886638,0.03567382677060424
429.9599187144644,0.0406666702862361
435.07631444293577,0.046414741530365275
440.14132967687016,0.0528304403470011
445.21298996321576,0.060058676888591706
450.30933187280317,0.06822175959619445
455.3430204310845,0.07726522645430678
460.82788736430314,0.08834982510514904
465.30365367546034,0.09844333269350773
470.59407443178236,0.11171319798640572
475.6325094560717,0.1258313466361953
480.7136626744334,0.14167746040860804
485.78722154718224,0.1592662826865059
490.86172971313266,0.17879067768086981
496.2210051668041,0.20170659368126412
500.97467290337244,0.22418467056201302
506.0292459120891,0.2504998804918209
511.3688862370831,0.28123442402923193
516.1421891023289,0.31147654087738863
521.1502467441667,0.34624377026474706
526.2209577373108,0.38486339114296325
531.223319619939,0.4265930704555593
536.2598560578251,0.4725262716616844
541.3030375481225,0.522748776436359
546.3091966035572,0.5770860850358788
551.2963697949597,0.6359653124321388
556.276897933951,0.6998105208507774
561.2792598165793,0.7693369401355441
566.2569400759656,0.8442280511707004
571.2374682149568,0.9252030285566636
576.1686331074645,1.0116717568172684
581.1263782096172,1.1052719010632805
586.1173485738261,1.2066088218772808
591.0513613459386,1.3141578461474108
596.0176500869057,1.4301685631743117
600.9820402414697,1.554273355478763
605.9625683804609,1.6873176080056533
610.8643051837187,1.8269502502983046
615.8248981654763,1.9773803338025315
620.743722246363,2.135931140167359
625.7233010921526,2.3062833551982
630.700981351539,2.4867765414634673
635.2023374033768,2.659026716661885
640.5813477073849,2.8763950107194916
645.5580786735698,3.08894471844552
650.4930407388838,3.310785141949187
655.4488872546333,3.5448446523696573
660.4341618596325,3.7918488818360143
665.4175378782286,4.050454254599458
670.3600942891555,4.318561632276993
675.3520139465661,4.6011200872308144
680.302164703106,4.8929777819299565
685.2779463760892,5.197980889267449
690.259423808282,5.514893267367651
695.2209660832411,5.841855644140689
700.1976970494259,6.180928575464901
705.2105011572719,6.533404484557608
710.198623641876,6.89468358999962
715.1715574352544,7.264900692432773
720.1255053646007,7.643183387090959
725.1107799695999,8.032853278830999
730.094155988196,8.43076925831915
735.1155037348565,8.839505231657746
740.0988797534525,9.252117361838659
745.1059881020888,9.672853180847078
750.1387273671685,10.101057929031192
755.1296977313774,10.530012152823264
760.1320596140056,10.963227663616804
765.1315736170291,11.398407525486586
770.1880452121488,11.839644680072169
775.193254974382,12.27631045242567
780.1946675638086,12.711323494184768
785.184688634816,13.142776933148554
790.1889491038474,13.57159564374172
795.1998546252901,13.995783424057237
800.2430361155875,14.416088869430455
805.2491951710222,14.825382179794394
810.2572528128601,15.225563054699531
815.3099272351735,15.618531232499134
820.3151369974066,15.995772056311969
825.3212960528413,16.359762344692456
830.3189114694615,16.708534724160373
835.3383606297186,17.04286669844399
840.3843899996208,17.361582603281978
845.3782082434345,17.65864175659965
850.3758236600548,17.93650752744841
855.5533576331522,18.202747096590794
860.1081130108707,18.417888690617968
865.4474612456488,18.646374081861843
870.4336851438497,18.8357699665214
875.4341484400748,19.001673062720798
880.4336624430982,19.142817105109582
885.4293792733151,19.258586920530984
890.4393355015562,19.348849155511004
894.7911427012614,19.4059657046111
