0.0,0.00012319818909315626
1.0,0.00015164755651882395
2.0,0.00018640731774471761
3.0,0.00022881629291621704
4.0,0.0002804835404365884
5.0,0.0003433398900390799
6.0,0.0004196986712488601
7.0,0.0005123271512577732
8.0,0.0006245304212165823
9.0,0.000760249723914643
10.0,0.0009241775017179748
11.0,0.0011218917645909017
12.0,0.0013600127373008075
13.0,0.0016463851458941715
14.0,0.0019902899497265722
15.0,0.002402689820281473
16.0,0.0028965132152868507
17.0,0.003486982499755714
18.0,0.004191992227943965
19.0,0.005032544425051456
20.0,0.006033248497715858
21.0,0.007222894260495642
22.0,0.008635107493618479
23.0,0.010309098446639452
24.0,0.012290514773848548
25.0,0.014632411529844687
26.0,0.01739635206603942
27.0,0.020653654947974602
28.0,0.02448680335465534
29.0,0.02899103481820543
30.0,0.034276130606581676
31.0,0.040468425533052285
32.0,0.047713060480304575
33.0,0.056176501438220124
34.0,0.06604935035329157
35.0,0.07754947455177663
36.0,0.09092548290187531
37.0,0.10646057819259168
38.0,0.12447681639471679
39.0,0.14533980449467127
40.0,0.1694638694127913
41.0,0.19731773108786047
42.0,0.2294307130790186
43.0,0.266399523950348
44.0,0.3088956422044499
45.0,0.35767333655773115
46.0,0.41357835183750646
47.0,0.4775572886625558
48.0,0.5506677022759541
49.0,0.634088942362421
50.0,0.7291337513329584
51.0,0.8372606333292539
52.0,0.9600870000240079
53.0,1.0994030921099123
54.0,1.2571866671240608
55.0,1.4356184348983299
56.0,1.6370982114212687
57.0,1.8642617502163117
58.0,2.1199981974712947
59.0,2.4074681030974703
60.0,2.730121904672865
61.0,3.0917187848750296
62.0,3.496345785594676
63.0,3.9484370435313076
64.0,4.452792992817638
65.0,5.014599360242594
66.0,5.639445758113128
67.0,6.333343658913715
68.0,7.102743514921176
69.0,7.954550765074393
70.0,8.896140450977933
71.0,9.935370144259931
72.0,11.08059086896075
73.0,12.340655685579874
74.0,13.724925588256701
75.0,15.24327235372989
76.0,16.906077970647324
77.0,18.72423027093348
78.0,20.709114381714432
79.0,22.872599617203402
80.0,25.22702143539942
81.0,27.785158094869534
82.0,30.560201662664383
83.0,33.56572304591261
84.0,36.8156307471647
85.0,40.32412307736243
86.0,44.10563360058852
87.0,48.17476963161233
88.0,52.54624366072377
89.0,57.23479764037124
90.0,62.25512013452902
91.0,67.62175640423686
92.0,73.34901158099636
93.0,79.45084716316737
94.0,85.94077115855755
95.0,92.8317222882938
96.0,100.1359487619356
97.0,107.86488223065784
98.0,116.02900762309687
99.0,124.63772966592553
100.0,133.6992369871104
101.0,143.2203647927438
102.0,153.20645719690486
103.0,163.66123036671166
104.0,174.5866377200866
105.0,185.98273848026207
106.0,197.84757094722315
107.0,210.17703189068422
108.0,222.96476350045356
109.0,236.20204934689437
110.0,249.877720805488
111.0,263.9780753842532
112.0,278.48680836015313
113.0,293.38495908000175
114.0,308.65087321236234
115.0,324.2601821493492
116.0,340.18580065118385
117.0,356.397943702185
118.0,372.8641634052177
119.0,389.54940658340905
120.0,406.416093584355
121.0,423.4242185945721
122.0,440.53147157232894
123.0,457.69338169722243
124.0,474.8634820171752
125.0,491.99349475035234
126.0,509.03353647345324
127.0,525.9323422016854
128.0,542.6375071423448
129.0,559.0957446862524
130.0,575.2531589922958
131.0,591.0555303229419
132.0,606.4486111057045
133.0,621.3784305299317
134.0,635.7916053425422
135.0,649.6356543828696
136.0,662.8593142977537
137.0,675.4128538052911
138.0,687.2483838307879
139.0,698.320160822635
140.0,708.5848805698486
141.0,718.001959887315
142.0,726.5338036093251
143.0,734.1460544363606
144.0,740.8078233134412
145.0,746.4918981793979
146.0,751.1749291135123
147.0,754.8375881170185
148.0,757.4647019995688
149.0,759.0453570922048
150.0,759.5729747756087
151.0,759.0453570922048
152.0,757.4647019995688
153.0,754.8375881170185
154.0,751.1749291135123
155.0,746.4918981793979
156.0,740.8078233134412
157.0,734.1460544363606
158.0,726.5338036093251
159.0,718.001959887315
160.0,708.5848805698486
161.0,698.320160822635
162.0,687.2483838307879
163.0,675.4128538052911
164.0,662.8593142977537
165.0,649.6356543828696
166.0,635.7916053425422
167.0,621.3784305299317
168.0,606.4486111057045
169.0,591.0555303229419
170.0,575.2531589922958
171.0,559.0957446862524
172.0,542.6375071423448
173.0,525.9323422016854
174.0,509.03353647345324
175.0,491.99349475035234
176.0,474.8634820171752
177.0,457.69338169722243
178.0,440.53147157232894
179.0,423.4242185945721
180.0,406.416093584355
181.0,389.54940658340905
182.0,372.8641634052177
183.0,356.397943702185
184.0,340.18580065118385
185.0,324.2601821493492
186.0,308.65087321236234
187.0,293.38495908000175
188.0,278.48680836015313
189.0,263.9780753842532
190.0,249.877720805488
191.0,236.20204934689437
192.0,222.96476350045356
193.0,210.17703189068422
194.0,197.84757094722315
195.0,185.98273848026207
196.0,174.5866377200866
197.0,163.66123036671166
198.0,153.20645719690486
199.0,143.2203647927438
200.0,133.6992369871104
201.0,124.63772966592553
202.0,116.02900762309687
203.0,107.86488223065784
204.0,100.1359487619356
205.0,92.8317222882938
206.0,85.94077115855755
207.0,79.45084716316737
208.0,73.34901158099636
209.0,67.62175640423686
210.0,62.25512013452902
211.0,57.23479764037124
212.0,52.54624366072377
213.0,48.17476963161233
214.0,44.10563360058852
215.0,40.32412307736243
216.0,36.8156307471647
217.0,33.56572304591261
218.0,30.560201662664383
219.0,27.785158094869534
220.0,25.22702143539942
221.0,22.872599617203402
222.0,20.709114381714432
223.0,18.72423027093348
224.0,16.906077970647324
225.0,15.24327235372989
226.0,13.724925588256701
227.0,12.340655685579874
228.0,11.08059086896075
229.0,9.935370144259931
230.0,8.896140450977933
231.0,7.954550765074393
232.0,7.102743514921176
233.0,6.333343658913715
234.0,5.639445758113128
235.0,5.014599360242594
236.0,4.452792992817638
237.0,3.9484370435313076
238.0,3.496345785594676
239.0,3.0917187848750296
240.0,2.730121904672865
241.0,2.4074681030974703
242.0,2.1199981974712947
243.0,1.8642617502163117
244.0,1.6370982114212687
245.0,1.4356184348983299
246.0,1.2571866671240608
247.0,1.0994030921099123
248.0,0.9600870000240079
249.0,0.8372606333292539
250.0,0.7291337513329584
251.0,0.634088942362421
252.0,0.5506677022759541
253.0,0.4775572886625558
254.0,0.41357835183750646
255.0,0.35767333655773115
