0.0,0.01003966581809113
1.0,0.013733855469076954
2.0,0.018725169608571467
3.0,0.02544597635953839
4.0,0.03446454508422119
5.0,0.046524964797340695
6.0,0.06259788037166451
7.0,0.0839446986134369
8.0,0.11219848490875577
9.0,0.14946543911230964
10.0,0.19845161801568706
11.0,0.26262047210428785
12.0,0.3463877964823875
13.0,0.45536186825569946
14.0,0.5966378611931937
15.0,0.7791570953838735
16.0,1.0141432921781062
17.0,1.3156297538920634
18.0,1.7010932564727452
19.0,2.1922124046788394
20.0,2.8157702147386585
21.0,3.6047227066712417
22.0,4.599457239723877
23.0,5.849266124596427
24.0,7.414062591374417
25.0,9.366367358546162
26.0,11.793594691877283
27.0,14.80066679784025
28.0,18.512984481411433
29.0,23.0797800125226
30.0,28.677874876773608
31.0,35.51586031436016
32.0,43.83871205652106
33.0,53.93284223986897
34.0,66.13158092395064
35.0,80.82106679662833
36.0,98.44651141211172
37.0,119.5187836165021
38.0,144.6212407030828
39.0,174.41671042772623
40.0,209.6545035399548
41.0,251.1773103123737
42.0,299.9278071880865
43.0,356.9547717737021
44.0,423.41847680664546
45.0,500.595107404008
46.0,589.8799219982424
47.0,692.7888571706267
48.0,810.9582615203676
49.0,946.142435266174
50.0,1100.2086520369446
51.0,1275.1293488480153
52.0,1472.9711911105321
53.0,1695.880753100294
54.0,1946.066601844255
55.0,2225.7776348180955
56.0,2537.277599771752
57.0,2882.815818534783
58.0,3264.594245363088
59.0,3684.7311131757106
60.0,4145.221556041278
61.0,4647.895740806793
62.0,5194.375191190854
63.0,5786.028139379687
64.0,6423.924887546216
65.0,7108.794298136731
66.0,7840.982649677312
67.0,8620.416185880009
68.0,9446.568741030249
69.0,10318.435834800477
70.0,11234.516585719182
71.0,12192.804686214331
72.0,13190.789506535395
73.0,14225.468145221765
74.0,15293.368918471284
75.0,16390.58638207883
76.0,17512.827514700963
77.0,18655.468172776407
78.0,19813.61837430815
79.0,20982.19440597788
80.0,22155.99520678926
81.0,23329.779997825048
82.0,24498.343741583856
83.0,25656.586767008324
84.0,26799.574827605247
85.0,27922.586005082903
86.0,29021.141256243704
87.0,30091.016040642156
88.0,31128.23135894254
89.0,32129.02365627882
90.0,33089.79435976383
91.0,34007.041262020044
92.0,34877.27545092017
93.0,35696.92892109219
94.0,36462.25927585418
95.0,37169.25892637097
96.0,37813.57681062638
97.0,38390.46079596711
98.0,38894.72852788773
99.0,39320.77351025814
100.0,39662.61165459828
101.0,39913.97146904922
102.0,40068.42856728974
103.0,40119.58240152868
104.0,40061.27023400672
105.0,39887.81055358133
106.0,39594.26562245662
107.0,39176.71080046957
108.0,38632.4969144171
109.0,37960.49135227508
110.0,37161.283848979634
111.0,36237.34411227955
112.0,35193.12046876981
113.0,34035.0714818598
114.0,32771.62583791278
115.0,31413.069501559163
116.0,29971.362964563952
117.0,28459.895102745522
118.0,26893.183470071122
119.0,25286.53358458441
120.0,23655.671728608322
121.0,22016.36688432214
122.0,20384.057608373907
123.0,18773.498934694406
124.0,17198.442864158
125.0,15671.363787236274
126.0,14203.237465451035
127.0,12803.379167985177
128.0,11479.343428026463
129.0,10236.884848054553
130.0,9079.976620874611
131.0,8010.88108683899
132.0,7030.264819474464
133.0,6137.349479200982
134.0,5330.0890113846835
135.0,4605.363663696831
136.0,3959.1816980312424
137.0,3386.8804882139457
138.0,2883.3198247257114
139.0,2443.06158349981
140.0,2060.531351540299
141.0,1730.159040940633
142.0,1446.4968828918854
143.0,1204.314410605216
144.0,998.6710704877976
145.0,824.9679194935372
146.0,678.980466056274
147.0,556.8751000721077
148.0,455.211753295093
149.0,370.93546254656303
150.0,301.3594061873891
151.0,244.1417827182704
152.0,197.25863143032254
153.0,158.97438799295986
154.0,127.81164771253324
155.0,102.5212959256976
156.0,82.05387347599228
157.0,65.53278544782746
158.0,52.22973894502653
159.0,41.54261272553186
160.0,32.97581713865543
161.0,26.12309422120691
162.0,20.65263085150734
163.0,16.29430770884058
164.0,12.82887842858161
165.0,10.078861955650478
166.0,7.90093229639093
167.0,6.179599854599174
168.0,4.821994165329394
169.0,3.7535766142453
170.0,2.9146317588101702
171.0,2.2574057898124904
172.0,1.7437795718458575
173.0,1.3433810198074934
174.0,1.032057017999211
175.0,0.7906385797952039
176.0,0.6039445254515374
177.0,0.45997875538354843
178.0,0.3492843953479128
179.0,0.26442488718916385
180.0,0.1995676934160171
181.0,0.15015086360049415
182.0,0.1126164448802105
183.0,0.08419775584882123
184.0,0.0627500093053758
185.0,0.04661577065763102
186.0,0.0345183627586555
187.0,0.02547764613402479
188.0,0.01874367396599297
189.0,0.013744590716044228
190.0,0.01004584966978308
191.0,0.0073183984319660795
192.0,0.005313947073454781
193.0,0.0038458111461265824
194.0,0.0027741273144110358
195.0,0.0019944860965140673
196.0,0.0014292249597359812
197.0,0.001020784629189809
198.0,0.0007266592269409414
199.0,0.0005155727467409196
200.0,0.0003645953121951098
201.0,0.00025697670796674926
202.0,0.0001805251297281093
203.0,0.00012639867872173127
204.0,8.820803803159059e-05
205.0,6.13528004293827e-05
206.0,4.253251805049808e-05
207.0,2.938787465056351e-05
208.0,2.0238371689653392e-05
209.0,1.3891310050167943e-05
210.0,9.503225751657638e-06
211.0,6.479762060485108e-06
212.0,4.403593450236116e-06
213.0,2.982740714117078e-06
214.0,2.013649599608287e-06
215.0,1.3549160883135952e-06
216.0,9.086591265528956e-07
217.0,6.073648777314024e-07
218.0,4.0463033538630747e-07
219.0,2.6867501637132804e-07
220.0,1.7781001023830363e-07
221.0,1.1728573832466106e-07
222.0,7.710708413001685e-08
223.0,5.0524663339326374e-08
224.0,3.299686271758954e-08
225.0,2.1478400901159756e-08
226.0,1.3934497481560985e-08
227.0,9.01033111345534e-09
228.0,5.806979092491096e-09
229.0,3.730094598551867e-09
230.0,2.38808346550823e-09
231.0,1.5238395082130608e-09
232.0,9.691456006602952e-10
233.0,6.14326005208838e-10
234.0,3.8812252051037396e-10
235.0,2.443986811644688e-10
236.0,1.533871382142321e-10
237.0,9.594870186340294e-11
238.0,5.982040289205303e-11
239.0,3.7172317321480326e-11
240.0,2.302236896505059e-11
241.0,1.4211517544557989e-11
242.0,8.743613925769288e-12
243.0,5.361688295277601e-12
244.0,3.2769681742672804e-12
245.0,1.9961949679737443e-12
246.0,1.2119752781630883e-12
247.0,7.334063024429128e-13
248.0,4.423393607687794e-13
249.0,2.6590506265621905e-13
250.0,1.5931537787025895e-13
251.0,9.513687057021302e-14
252.0,5.662394156573475e-14
253.0,3.359010832268384e-14
254.0,1.9860161848940403e-14
255.0,1.1703458898458732e-14
