0,0.02299795832497335
1,0.030602455611585738
2,0.04060470561865807
3,0.05372167576200476
4,0.0708721865727079
5,0.09322989780043305
6,0.12228908059445726
7,0.15994594975644785
8,0.2085988500229616
9,0.27127118730074395
10,0.3517616761822336
11,0.4548272446139918
12,0.5864047998097428
13,0.7538790192359843
14,0.9664043872950971
15,1.2352908497274606
16,1.5744636974893371
17,2.0010096089981726
18,2.535822157603122
19,3.2043615067381928
20,4.037544437595108
21,5.07278224379115
22,6.355185335262096
23,7.938954559877924
24,9.888980205337873
25,12.282670303507476
26,15.212030130685868
27,18.786014575289695
28,23.133174213733984
29,28.40461437168404
30,34.7772840205333
31,42.45760793351628
32,51.68547096810975
33,62.73855752211927
34,75.93704201152194
35,91.648617537341
36,110.29383966964113
37,132.35175043476087
38,158.3657341437823
39,188.94954169245423
40,224.7934035004318
41,266.67013351280076
42,315.44110790598154
43,372.06198265053615
44,437.5879942976036
45,513.1786687734088
46,600.1017441738211
47,699.736096216885
48,813.5734398787372
49,943.2185686126287
50,1090.3878842829195
51,1256.9059674113716
52,1444.6999394061502
53,1655.7913769680063
54,1892.2855546219798
55,2156.3578149843765
56,2450.2368984821414
57,2776.185105154732
58,3136.475211029943
59,3533.364120264345
60,3969.0633013807005
61,4445.706130812423
62,4965.312348543252
63,5529.749917535897
64,6140.694669168082
65,6799.588209010832
66,7507.5946486726825
67,8265.556817528211
68,9073.952690190252
69,9932.852838692375
70,10841.879779600895
71,11800.17013280628
72,12806.340537837385
73,13858.45828274014
74,14954.017587770626
75,16089.92244973997
76,17262.476891746464
77,18467.38337681238
78,19699.750032895332
79,20954.107201912153
80,22224.433668626338
81,23504.19274912082
82,24786.378226471275
83,26063.569917212993
84,27327.998440926604
85,28571.618551920346
86,29786.190182083003
87,30963.366143245254
88,32094.7852515667
89,33172.1694711523
90,34187.423534540496
91,35132.73538861291
92,36000.675739867605
93,36784.29493603248
94,37477.21542384492
95,38073.718066569134
96,38568.82068939432
97,38958.347344999
98,39238.98695285636
99,39408.34016075193
100,39464.953500923126
101,39356.972990854876
102,39034.800909603626
103,38503.697366178654
104,37772.27025379423
105,36852.24315927767
106,35758.14280236053
107,34506.91764801368
108,33117.501676997825
109,31610.33898403705
110,30006.885835955767
111,28329.107040668037
112,26598.982969487213
113,24838.042395212757
114,23066.93454533688
115,21305.051538359276
116,19570.209804770606
117,17878.396335463436
118,16243.582792539724
119,14677.607796475708
120,13190.125190295972
121,11788.613876101468
122,10478.442997675473
123,9262.984853888034
124,8143.766993133414
125,7120.654455353499
126,6192.053068854198
127,5355.12502883947
128,4606.0086239641405
129,3940.0348677010766
130,3351.9348602050372
131,2836.0328813144247
132,2386.4214284156355
133,1997.115603699004
134,1662.1853732730908
135,1375.8652262604764
136,1132.6416276134823
137,927.3193675689006
138,755.068457457126
139,611.4536090922279
140,492.44857364352373
141,394.4377216791402
142,314.2072385905923
143,248.92821039905945
144,196.1337059628584
145,153.6917439569913
146,119.77578597159247
147,92.83413748727477
148,71.55938027264504
149,54.85871384231737
150,41.82585799360859
151,31.71496835856612
152,23.916845215948562
153,17.937573347994277
154,13.379616752017784
155,9.925304601729112
156,7.3225812758689
157,5.372850349108115
158,3.9207168068445455
159,2.8454200741144047
160,2.053749612073535
161,1.4742420156101483
162,1.0524712977450148
163,0.7472603243030667
164,0.5276595148536214
165,0.37055767277287904
166,0.2588082005518342
167,0.17977133468774056
168,0.1241889739649117
169,0.08532294199778179
170,0.058300031748222604
171,0.03961794523359295
172,0.026775358226845344
173,0.017996946234850028
174,0.012030468355643729
175,0.007998092776751752
176,0.005288232326951186
177,0.0034774012218488294
178,0.00227415082683276
179,0.001479121717155765
180,0.0009567726432771971
181,0.0006155080982352865
182,0.00039380296354198563
183,0.0002505788290420055
184,0.00015857326101267546
185,9.980119144668061e-05
186,6.246858680209404e-05
187,3.8887302910909845e-05
188,2.4075435479907e-05
189,1.4823838213793121e-05
190,9.077523212203905e-06
191,5.5283337819456485e-06
192,3.348430824513722e-06
193,2.0170125141635407e-06
194,1.2083591661045036e-06
195,7.19952220477342e-07
196,4.2661045720795294e-07
197,2.514082382478395e-07
198,1.473491718270329e-07
199,8.588871009014338e-08
200,4.9790289121388365e-08
201,2.87060477214431e-08
202,1.6459716225452247e-08
203,9.386236031972166e-09
204,5.323298078852497e-09
205,3.002550261394718e-09
206,1.6843020353082399e-09
207,9.39658069004338e-10
208,5.213626411945982e-10
209,2.876935699371417e-10
210,1.5788489739157526e-10
211,8.617299941777065e-11
212,4.677588539191247e-11
213,2.5251838925992165e-11
214,1.3557642901581018e-11
215,7.239283051907958e-12
216,3.84438709876178e-12
217,2.030387127083456e-12
218,1.0664752424122001e-12
219,5.571124852188145e-13
220,2.894377619067528e-13
221,1.4955043406465654e-13
222,7.684937699074502e-14
223,3.927473025001475e-14
224,1.9962101397921924e-14
225,1.009065807628143e-14
226,5.072860385576152e-15
227,2.536334423996296e-15
228,1.261189391374274e-15
229,6.236979095568555e-16
230,3.067527427142843e-16
231,1.5004544199180047e-16
232,7.299235006805062e-17
233,3.5314419553758365e-17
234,1.6992097245230405e-17
235,8.131339310082142e-18
236,3.869878854018272e-18
237,1.8316936593298298e-18
238,8.622406645934382e-19
239,4.036680219685647e-19
240,1.8794915552547994e-19
241,8.703152580988507e-20
242,4.008048820795763e-20
243,1.835733337439522e-20
244,8.361927032560716e-21
245,3.788116603579667e-21
246,1.7067129766382812e-21
247,7.647470828167471e-22
248,3.407966790548948e-22
249,1.5104037865825506e-22
250,6.657496763895785e-23
251,2.918428440252007e-23
252,1.2723521276848996e-23
253,5.516781437139819e-24
254,2.3789451190294627e-24
