0.0,6.416663763226294e-16
1.0,1.4189152798608623e-15
2.0,3.1153915835664347e-15
3.0,6.791689346342033e-15
4.0,1.4701172633801494e-14
5.0,3.159622049348489e-14
6.0,6.742598322180174e-14
7.0,1.428658516064716e-13
8.0,3.0056511598538035e-13
9.0,6.278526161872375e-13
10.0,1.3022244224559168e-12
11.0,2.681778827245252e-12
12.0,5.483641736339082e-12
13.0,1.1133306942343496e-11
14.0,2.2443381194736604e-11
15.0,4.492223785799619e-11
16.0,8.927779883392802e-11
17.0,1.7617105657297494e-10
18.0,3.451712678668391e-10
19.0,6.714964336259805e-10
20.0,1.2970651089513797e-09
21.0,2.487647480461088e-09
22.0,4.737234589373137e-09
23.0,8.957151911443259e-09
24.0,1.6816049684836572e-08
25.0,3.134635283905679e-08
26.0,5.8017504892689775e-08
27.0,1.0662034198988684e-07
28.0,1.945494864537102e-07
29.0,3.524756338229562e-07
30.0,6.340698535845619e-07
31.0,1.1325414469831488e-06
32.0,2.008538208023656e-06
33.0,3.5368373203738215e-06
34.0,6.1838516925927205e-06
35.0,1.0735246968692907e-05
36.0,1.8504357424618102e-05
37.0,3.1669774493194e-05
38.0,5.3817674449012145e-05
39.0,9.080586032191436e-05
40.0,0.00015212893377872802
41.0,0.0002530572355272131
42.0,0.0004179599717553035
43.0,0.0006854244888123596
44.0,0.001116075401632278
45.0,0.0018044150875577841
46.0,0.0028965988710089384
47.0,0.004616887138982263
48.0,0.007306664280787055
49.0,0.011481484456252793
50.0,0.01791372591038265
51.0,0.027751266091601095
52.0,0.04268631571828351
53.0,0.06519338580514777
54.0,0.09886154536857698
55.0,0.14885391006170587
56.0,0.22253693034275074
57.0,0.33033373895989987
58.0,0.48686972183256216
59.0,0.7124946284506695
60.0,1.0352837947218334
61.0,1.4936410176206716
62.0,2.1396465646453944
63.0,3.0433145611599435
64.0,4.2979428959516754
65.0,6.026753543713149
66.0,8.39102889704368
67.0,11.599946744795814
68.0,15.922298735893337
69.0,21.700239864316245
70.0,29.36515480477895
71.0,39.45563604623225
72.0,52.63744454491418
73.0,69.7251630964045
74.0,91.70505477636809
75.0,119.75840529142489
76.0,155.28436406697824
77.0,199.92101372289443
78.0,255.56310532503016
79.0,324.3746165046169
80.0,408.7940450884261
81.0,511.53017032172824
82.0,635.5459280357986
83.0,784.0280871589152
84.0,960.3406132292647
85.0,1167.9599859178863
86.0,1410.3913199308977
87.0,1691.064928499457
88.0,2013.213957732356
89.0,2379.734882788798
90.0,2793.0339485432746
91.0,3254.8639944051597
92.0,3766.157443833209
93.0,4326.862468291731
94.0,4935.790348628056
95.0,5590.482748265382
96.0,6287.107883400254
97.0,7020.394343166649
98.0,7783.610520800769
99.0,8568.596242643256
100.0,9365.851243377732
101.0,10164.682695559195
102.0,10953.411166079553
103.0,11719.631289385978
104.0,12450.520297693918
105.0,13133.18453441631
106.0,13755.031408080642
107.0,14304.152120620161
108.0,14769.699100869038
109.0,15142.24152477176
110.0,15414.0826872788
111.0,15579.524322806285
112.0,15635.06519978669
113.0,15579.524322806285
114.0,15414.0826872788
115.0,15142.24152477176
116.0,14769.699100869038
117.0,14304.152120620161
118.0,13755.031408080642
119.0,13133.18453441631
120.0,12450.520297693918
121.0,11719.631289385978
122.0,10953.411166079553
123.0,10164.682695559195
124.0,9365.851243377732
125.0,8568.596242643256
126.0,7783.610520800769
127.0,7020.394343166649
128.0,6287.107883400254
129.0,5590.482748265382
130.0,4935.790348628056
131.0,4326.862468291731
132.0,3766.157443833209
133.0,3254.8639944051597
134.0,2793.0339485432746
135.0,2379.734882788798
136.0,2013.213957732356
137.0,1691.064928499457
138.0,1410.3913199308977
139.0,1167.9599859178863
140.0,960.3406132292647
141.0,784.0280871589152
142.0,635.5459280357986
143.0,511.53017032172824
144.0,408.7940450884261
145.0,324.3746165046169
146.0,255.56310532503016
147.0,199.92101372289443
148.0,155.28436406697824
149.0,119.75840529142489
150.0,91.70505477636809
151.0,69.7251630964045
152.0,52.63744454491418
153.0,39.45563604623225
154.0,29.36515480477895
155.0,21.700239864316245
156.0,15.922298735893337
157.0,11.599946744795814
158.0,8.39102889704368
159.0,6.026753543713149
160.0,4.2979428959516754
161.0,3.0433145611599435
162.0,2.1396465646453944
163.0,1.4936410176206716
164.0,1.0352837947218334
165.0,0.7124946284506695
166.0,0.48686972183256216
167.0,0.33033373895989987
168.0,0.22253693034275074
169.0,0.14885391006170587
170.0,0.09886154536857698
171.0,0.06519338580514777
172.0,0.04268631571828351
173.0,0.027751266091601095
174.0,0.01791372591038265
175.0,0.011481484456252793
176.0,0.007306664280787055
177.0,0.004616887138982263
178.0,0.0028965988710089384
179.0,0.0018044150875577841
180.0,0.001116075401632278
181.0,0.0006854244888123596
182.0,0.0004179599717553035
183.0,0.0002530572355272131
184.0,0.00015212893377872802
185.0,9.080586032191436e-05
186.0,5.3817674449012145e-05
187.0,3.1669774493194e-05
188.0,1.8504357424618102e-05
189.0,1.0735246968692907e-05
190.0,6.1838516925927205e-06
191.0,3.5368373203738215e-06
192.0,2.008538208023656e-06
193.0,1.1325414469831488e-06
194.0,6.340698535845619e-07
195.0,3.524756338229562e-07
196.0,1.945494864537102e-07
197.0,1.0662034198988684e-07
198.0,5.8017504892689775e-08
199.0,3.134635283905679e-08
200.0,1.6816049684836572e-08
201.0,8.957151911443259e-09
202.0,4.737234589373137e-09
203.0,2.487647480461088e-09
204.0,1.2970651089513797e-09
205.0,6.714964336259805e-10
206.0,3.451712678668391e-10
207.0,1.7617105657297494e-10
208.0,8.927779883392802e-11
209.0,4.492223785799619e-11
210.0,2.2443381194736604e-11
211.0,1.1133306942343496e-11
212.0,5.483641736339082e-12
213.0,2.681778827245252e-12
214.0,1.3022244224559168e-12
215.0,6.278526161872375e-13
216.0,3.0056511598538035e-13
217.0,1.428658516064716e-13
218.0,6.742598322180174e-14
219.0,3.159622049348489e-14
220.0,1.4701172633801494e-14
221.0,6.791689346342033e-15
222.0,3.1153915835664347e-15
223.0,1.4189152798608623e-15
224.0,6.416663763226294e-16
225.0,2.88118465831346e-16
226.0,1.2845230399644234e-16
227.0,5.686194319621233e-17
228.0,2.499254540358344e-17
229.0,1.0907074416323725e-17
230.0,4.7262322201682954e-18
231.0,2.033437511200198e-18
232.0,8.686715516160743e-19
233.0,3.6845916271817886e-19
234.0,1.5517870266575882e-19
235.0,6.489091028585049e-20
236.0,2.6942916803418186e-20
237.0,1.110744950354891e-20
238.0,4.546666282329238e-21
239.0,1.8479099508670814e-21
240.0,7.4572297453928395e-22
241.0,2.988018184595213e-22
242.0,1.1887702913102482e-22
243.0,4.695930316958591e-23
244.0,1.841850339123498e-23
245.0,7.172920655897692e-24
246.0,2.773618396670922e-24
247.0,1.0648940131865752e-24
248.0,4.0595234601360235e-25
249.0,1.5365713082627083e-25
250.0,5.774832306229348e-26
251.0,2.15493923843033e-26
252.0,7.984351992973011e-27
253.0,2.9373338774503773e-27
254.0,1.0729412628198508e-27
255.0,3.891415234619708e-28
