306.4483204743686,9.489332666041552
312.35557756172324,9.574211865739278
317.6990206980669,9.65340307951629
322.78400300428314,9.730875120443564
327.46135659234517,9.803936598508903
332.4870927485015,9.884338712411555
337.9120147500289,9.973301473417695
342.52512370749326,10.050696242711213
347.54934606668814,10.136775626983162
352.47170450270426,10.2228762503539
357.61965967981394,10.314743750456792
363.05750961979413,10.413744053845024
367.36186777664307,10.493488344624195
372.72460941153275,10.594482667975182
377.76132828200537,10.690928411465071
382.78190582541094,10.788526166356874
387.80092130490686,10.887476172858051
392.8230609122221,10.987791937253778
397.8488453353268,11.089402924156753
403.28577799666664,11.20060237655096
407.8738590950709,11.295389641148873
412.7087245958775,11.396131752537679
417.9576203428328,11.50639690019666
422.61359828469926,11.604898347616363
428.2731400730182,11.725385443389879
432.51969385462365,11.816251166842282
437.9983657314443,11.933950247482793
443.00852951545176,12.041938357491592
447.7259039453828,12.143826241357129
453.0137571323396,12.258165365785164
458.0390208674744,12.366842831727856
463.075219049977,12.475662316327886
468.09423452947294,12.583909107099194
472.9114429226779,12.687515933418688
478.0208542840736,12.796995190622809
482.9002132394572,12.901051404377785
487.7458132371685,13.003817768546526
493.1955601825912,13.118608661914568
498.06835997153854,13.220444920317991
503.58504973584616,13.334714473696618
507.9974454840735,13.425253181185582
513.2997392509495,13.532957586901786
518.3762386823228,13.634874707183949
523.5413592061736,13.7372843603647
528.0347682170963,13.825261269047463
532.944736615849,13.920150512013604
538.4286613664726,14.024529653477149
543.4362217106307,14.118306605337066
548.4359717352401,14.210424854163172
553.2541347230566,14.29772706520719
558.4766061340814,14.390685377829717
563.4675044632024,14.477865444747394
568.4833958148789,14.563823461181972
573.5237595011408,14.648503659380946
578.5328819092085,14.730956457044318
583.5289871180287,14.811492422766268
588.567268052411,14.89097899526919
593.563373261231,14.968082582737448
598.561040533961,15.043500399864023
603.9818560430324,15.123376288879157
608.2455301468099,15.184799292527655
613.6014249574116,15.260219035961736
618.6334576361552,15.329329390885833
623.6660110028686,15.396769102288665
628.8517667914958,15.464525780148984
633.7144557212583,15.526479101836212
638.707436802259,15.588518339391111
643.521644875673,15.646844200147674
649.1709023756603,15.713442368818015
653.6397859103542,15.764730697517951
658.7637125773863,15.822037514930912
663.7715332655291,15.876512630553004
668.7169919776557,15.928834008954617
673.4005707666679,15.977041104943185
679.0239157959262,16.033200698758137
683.6578044184828,16.078069429477935
689.2300834089995,16.130334530973485
693.4939766674191,16.16907515035731
698.8137815712521,16.215873595924798
704.1166459868465,16.26080522550931
708.6609957036262,16.29792336622947
711.0276473977093,16.316739496756888
715.2549496984473,16.349457450679807
720.6335233628492,16.389401066776202
725.6363975152781,16.42481536376377
730.6574957466536,16.458620217557765
735.6197302030314,16.49026050987117
740.6834066918228,16.520670310611663
745.4288580523207,16.547383476978062
750.6033856721612,16.57446508269762
755.6031356967707,16.598520843586336
760.5778926988247,16.620309845071937
765.5190653268199,16.63974262093477
770.1356485127767,16.655826942038345
775.533925671151,16.6719877938055
780.5258653762119,16.68428484235348
785.6875493594614,16.69420875665429
790.4511673897196,16.700746460712857
795.0542498804567,16.70458118354533
800.8778988607507,16.705798741460473
805.1215137497587,16.704035581041296
806.9146788162453,16.702599867597698
811.3175815772198,16.697291946993303
816.3037937146117,16.688145171456938
821.6614200193357,16.67448822705866
826.1059761649248,16.660059080298616
830.9857968297669,16.640889920595065
836.2725939107951,16.616091670353704
841.2541198564579,16.588796158741403
846.2460595615188,16.55753395575221
851.0111998383713,16.523970517419475
856.6472852563176,16.47949676586327
860.8595021648472,16.44282974376165
866.2632837389033,16.39144024690448
871.6471904052014,16.33532890888297
876.2388321415066,16.283571698756482
881.2458717976947,16.2230167445789
886.5385608741719,16.154328851385173
891.0486385756183,16.092004768350712
896.201384082051,16.016541639623988
900.9306497234949,15.943306373063917
