306.4483204743686,0.007205619291727331
312.35557756172324,0.008245199668877354
317.6990206980669,0.009303317603558374
322.78400300428314,0.010425360622762152
327.46135659234517,0.011566314997885931
332.4870927485015,0.01291954658738802
337.9120147500289,0.01454247245776404
342.52512370749326,0.01606750363315758
347.54934606668814,0.017894108584916534
352.47170450270426,0.019866020003367596
357.61965967981394,0.022138865185122654
363.05750961979413,0.024794977338693666
367.36186777664307,0.027099501365363467
372.72460941153275,0.030242133394713395
377.76132828200537,0.033490762378704235
382.78190582541094,0.03703990982751703
387.80092130490686,0.04092383890365915
392.8230609122221,0.04517359013998518
397.8488453353268,0.04981937007067921
403.28577799666664,0.055323570493844544
407.8738590950709,0.06038495343927649
412.7087245958775,0.06616192155858135
417.9576203428328,0.07298593159839437
422.61359828469926,0.07955468574886972
428.2731400730182,0.08824034681486205
432.51969385462365,0.0952968857461418
437.9983657314443,0.10513206314409997
443.00852951545176,0.11489492435361918
447.7259039453828,0.12480324312366801
453.0137571323396,0.13678841226438634
458.0390208674744,0.14909332702395955
463.075219049977,0.162375794019665
468.09423452947294,0.1766169677772293
472.9114429226779,0.1912828410687351
478.0208542840736,0.20796650982875295
482.9002132394572,0.22504256829655298
487.7458132371685,0.24316526374653283
493.1955601825912,0.26500812054116374
498.06835997153854,0.28591557616346397
503.58504973584616,0.3112368444162785
507.9974454840735,0.33281109344482734
513.2997392509495,0.3603633352797511
518.3762386823228,0.38847959032873
523.5413592061736,0.41890872431983955
528.0347682170963,0.44693615021069255
532.944736615849,0.47928044927298863
538.4286613664726,0.5176074316198669
543.4362217106307,0.5547101400659404
548.4359717352401,0.5938311480663777
553.2541347230566,0.6335575677015238
558.4766061340814,0.678933126849366
563.4675044632024,0.7246129458731635
568.4833958148789,0.7728649512047309
573.5237595011408,0.8237783801814351
578.5328819092085,0.8768413519284102
583.5289871180287,0.9322658156881372
588.567268052411,0.9907337648419859
593.563373261231,1.051308937934172
598.561040533961,1.114527308625233
603.9818560430324,1.1861023172924405
608.2455301468099,1.244615663900931
613.6014249574116,1.3209040726513908
618.6334576361552,1.3954180098683917
623.6660110028686,1.4726949498514774
628.8517667914958,1.555203126143252
633.7144557212583,1.635214004462457
638.707436802259,1.7200099922024266
643.521644875673,1.8042766759630546
649.1709023756603,1.9062505164940524
653.6397859103542,1.9892377196100004
658.7637125773863,2.086852129138337
663.7715332655291,2.184728437335793
668.7169919776557,2.283706856317001
673.4005707666679,2.379490870447739
679.0239157959262,2.497005109926455
683.6578044184828,2.5957950235786624
689.2300834089995,2.7167788944698357
693.4939766674191,2.810860426768695
698.8137815712521,2.9299201358510714
704.1166459868465,3.050281958824593
708.6609957036262,3.154612283573117
711.0276473977093,3.2093327849710724
715.2549496984473,3.307656559939147
720.6335233628492,3.433678965493074
725.6363975152781,3.551622106687926
730.6574957466536,3.6704802816345956
735.6197302030314,3.7882076038285906
740.6834066918228,3.9083811458990008
745.4288580523207,4.020825468828055
750.6033856721612,4.142996454741421
755.6031356967707,4.260356592388672
760.5778926988247,4.376211901238798
765.5190653268199,4.4901306688013625
770.1356485127767,4.595306176880533
775.533925671151,4.716466370609385
780.5258653762119,4.826485360484248
785.6875493594614,4.937918257897676
790.4511673897196,5.038412256128667
795.0542498804567,5.133163783502457
800.8778988607507,5.249405731556897
805.1215137497587,5.331340795817926
806.9146788162453,5.365218575369739
811.3175815772198,5.446432239042112
816.3037937146117,5.534858093938886
821.6614200193357,5.625415958885401
826.1059761649248,5.696843706899766
830.9857968297669,5.771211362143718
836.2725939107951,5.846773377954847
841.2541198564579,5.913002680907646
846.2460595615188,5.974345869652364
851.0111998383713,6.028052289920721
856.6472852563176,6.08526917915781
860.8595021648472,6.1234521213987145
866.2632837389033,6.1665636694446855
871.6471904052014,6.20282077524689
876.2388321415066,6.228370116104311
881.2458717976947,6.250516265767786
886.5385608741719,6.267375333866693
891.0486385756183,6.276388170464741
896.201384082051,6.280627473145546
900.9306497234949,6.278821722665257
