0,543.8085456421392
1,553.395428773204
2,563.1029619803544
3,572.9315798591895
4,582.881693144746
5,592.9536881527325
6,603.1479262216112
7,613.4647431558315
8,623.904448670523
9,634.4673258379661
10,645.1536305361519
11,655.963590899759
12,666.8974067738699
13,677.9552491707593
14,689.1372597300855
15,700.4435501828244
16,711.8742018192855
17,723.429264961553
18,735.1087584406996
19,746.9126690791232
20,758.8409511783556
21,770.8935260127002
22,783.070281329055
23,795.3710708532774
24,807.7957138034542
25,820.3439944104355
26,833.0156614459976
27,845.8104277589983
28,858.7279698198895
29,871.7679272739528
30,884.929902503624
31,898.2134602002743
32,911.6181269458077
33,925.1433908044506
34,938.7887009250884
35,952.5534671545173
36,966.437059661977
37,980.4388085753161
38,994.558003629163
39,1008.793893825446
40,1023.1456871066288
41,1037.6125500420062
42,1052.193607527416
43,1066.8879424987076
44,1081.6945956593165
45,1096.6125652222793
46,1111.6408066670278
47,1126.7782325112914
48,1142.0237120984375
49,1157.3760714005673
50,1172.834092837688
51,1188.3965151132704
52,1204.062033066497
53,1219.8292975415013
54,1235.6969152738936
55,1251.6634487948536
56,1267.7274163530772
57,1283.8872918548452
58,1300.1415048224799
59,1316.4884403714495
60,1332.926439206368
61,1349.453797636129
62,1366.0687676084133
63,1382.7695567637898
64,1399.5543285096203
65,1416.421202113984
66,1433.368252819811
67,1450.3935119794073
68,1467.4949672095593
69,1484.6705625673715
70,1501.9181987469983
71,1519.2357332974161
72,1536.6209808613617
73,1554.071713435568
74,1571.5856606524023
75,1589.1605100830066
76,1606.793907562028
77,1624.483457534015
78,1642.2267234215408
79,1660.0212280151047
80,1677.8644538848498
81,1695.753843814122
82,1713.686801254881
83,1731.6606908049635
84,1749.6728387071853
85,1767.720533370252
86,1785.8010259114403
87,1803.9115307209927
88,1822.0492260481592
89,1840.2112546088026
90,1858.3947242144734
91,1876.5967084228403
92,1894.8142472093587
93,1913.0443476600326
94,1931.2839846851232
95,1949.530101753633
96,1967.7796116483935
97,1986.0293972415504
98,2004.2763122902443
99,2022.5171822522689
100,2040.7488051214577
101,2058.967952282559
102,2077.171369385327
103,2095.3557772375566
104,2113.517872716757
105,2131.654329700178
106,2149.7618000128405
107,2167.8369143932637
108,2185.876283476522
109,2203.876498794282
110,2221.8341337914353
111,2239.74574485895
112,2257.6078723825285
113,2275.41704180667
114,2293.169764713698
115,2310.8625399173293
116,2328.491854570319
117,2346.054185285728
118,2363.5459992713363
119,2380.9637554767105
120,2398.3039057524365
121,2415.5628960210006
122,2432.7371674588044
123,2449.823157688782
124,2466.8173019830765
125,2483.716034475232
126,2500.5157893813325
127,2517.2130022295264
128,2533.8041110973536
129,2550.285557856291
130,2566.653789422916
131,2582.905259016098
132,2599.0364274195867
133,2615.043764249399
134,2630.9237492253706
135,2646.6728734462376
136,2662.2876406676237
137,2677.764568582271
138,2693.1001901018894
139,2708.2910546399503
140,2723.3337293947825
141,2738.2248006323
142,2752.9608749677004
143,2767.5385806454697
144,2781.9545688170138
145,2796.2055148152526
146,2810.2881194254974
147,2824.199110151937
148,2837.9352424790573
149,2851.493301127318
150,2864.8701013023983
151,2878.0624899373593
152,2891.067346927018
153,2903.881586353885
154,2916.5021577049743
155,2928.926047078832
156,2941.150278382102
157,2953.1719145149796
158,2964.9880585448805
159,2976.5958548676813
160,2987.9924903558745
161,2999.1751954929937
162,3010.141245493673
163,3020.8879614087055
164,3031.4127112144683
165,3041.712910886108
166,3051.786025453864
167,3061.6295700419255
168,3071.241110889236
169,3080.6182663516483
170,3089.7587078848587
171,3098.6601610075504
172,3107.3204062441932
173,3115.737280046943
174,3123.908675696117
175,3131.832544178711
176,3139.506895044451
177,3146.9297972388767
178,3154.0993799129715
179,3161.013833208856
180,3167.671409021096
181,3174.070421733167
182,3180.2092489286388
183,3186.086332076674
184,3191.7001771914156
185,3197.0493554648956
186,3202.1325038730643
187,3206.948325754602
188,3211.4955913621598
189,3215.773138385695
190,3219.7798724476056
191,3223.5147675693543
192,3226.976866609306
193,3230.165281671527
194,3233.0791944852863
195,3235.717856755048
196,3238.080590480727
197,3240.1667882480365
198,3241.9759134887345
199,3243.507500710628
200,3244.7611556971856
201,3245.736555676646
202,3246.4334494605187
203,3246.851657551391
204,3246.991072219982
205,3246.851657551391
206,3246.4334494605187
207,3245.736555676646
208,3244.7611556971856
209,3243.507500710628
210,3241.9759134887345
211,3240.1667882480365
212,3238.080590480727
213,3235.717856755048
214,3233.0791944852863
215,3230.165281671527
216,3226.976866609306
217,3223.5147675693543
218,3219.7798724476056
219,3215.773138385695
220,3211.4955913621598
221,3206.948325754602
222,3202.1325038730643
223,3197.0493554648956
224,3191.7001771914156
225,3186.086332076674
226,3180.2092489286388
227,3174.070421733167
228,3167.671409021096
229,3161.013833208856
230,3154.0993799129715
231,3146.9297972388767
232,3139.506895044451
233,3131.832544178711
234,3123.908675696117
235,3115.737280046943
236,3107.3204062441932
237,3098.6601610075504
238,3089.7587078848587
239,3080.6182663516483
240,3071.241110889236
241,3061.6295700419255
242,3051.786025453864
243,3041.712910886108
244,3031.4127112144683
245,3020.8879614087055
246,3010.141245493673
247,2999.1751954929937
248,2987.9924903558745
249,2976.5958548676813
250,2964.9880585448805
251,2953.1719145149796
252,2941.150278382102
253,2928.926047078832
254,2916.5021577049743
