3.0,157.64869710558497
4.0,162.68060963737392
5.0,167.83421148355788
6.0,173.1109300643132
7.0,178.51215086860188
8.0,184.0392148310191
9.0,189.6934156789403
10.0,195.47599725278798
11.0,201.38815080237143
12.0,207.43101226238224
13.0,213.60565951025703
14.0,219.91310960974607
15.0,226.3543160436501
16.0,232.9301659393081
17.0,239.6414772905401
18.0,246.4889961798584
19.0,253.4733940048777
20.0,260.59526471295624
21.0,267.85512204820446
22.0,275.2533968150965
23.0,282.79043416300703
24.0,290.46649089608945
25.0,298.28173281298575
26.0,306.23623208093676
27.0,314.32996464892744
28.0,322.56280770456505
29.0,330.93453717943856
30.0,339.4448253077581
31.0,348.09323824310815
32.0,356.8792337381811
33.0,365.8021588923795
34.0,374.86124797218827
35.0,384.0556203092219
36.0,393.38427828085247
37.0,402.84610537830076
38.0,412.4398643670622
39.0,422.16419554449396
40.0,432.0176150993561
41.0,441.9985135780425
42.0,452.1051544621737
43.0,462.33567286215464
44.0,472.68807433121196
45.0,483.1602338043348
46.0,493.7498946664368
47.0,504.45466795394543
48.0,515.2720316938935
49.0,526.1993303844579
50.0,537.2337746207419
51.0,548.3724408694416
52.0,559.6122713958677
53.0,570.9500743466236
54.0,582.3825239910484
55.0,593.9061611243382
56.0,605.5173936350569
57.0,617.2124972395301
58.0,628.9876163853902
59.0,640.8387653263123
60.0,652.7618293697391
61.0,664.7525662991366
62.0,676.8066079720808
63.0,688.9194620951945
64.0,701.0865141766964
65.0,713.3030296570403
66.0,725.5641562178416
67.0,737.864926269
68.0,750.2002596136323
69.0,762.5649662901362
70.0,774.9537495903965
71.0,787.3612092528482
72.0,799.781844828801
73.0,812.2100592201152
74.0,824.6401623860178
75.0,837.0663752165244
76.0,849.4828335696322
77.0,861.883592469126
78.0,874.262630459539
79.0,886.6138541144942
80.0,898.9311026943507
81.0,911.2081529487716
82.0,923.438724059537
83.0,935.6164827186249
84.0,947.7350483362958
85.0,959.7879983736359
86.0,971.7688737937298
87.0,983.6711846253721
88.0,995.488415632958
89.0,1007.2140320859444
90.0,1018.8414856210259
91.0,1030.3642201899374
92.0,1041.7756780855714
93.0,1053.0693060388774
94.0,1064.2385613788276
95.0,1075.276918247519
96.0,1086.1778738623261
97.0,1096.934954816844
98.0,1107.541723412216
99.0,1117.9917840103008
100.0,1128.2787894000166
101.0,1138.3964471680924
102.0,1148.3385260653604
103.0,1158.098862359661
104.0,1167.6713661663555
105.0,1177.050027747414
106.0,1186.2289237700088
107.0,1195.202223515538
108.0,1203.9641950300136
109.0,1212.5092112067632
110.0,1220.8317557924454
111.0,1228.92642930743
112.0,1236.7879548716726
113.0,1244.411183927302
114.0,1251.7911018492525
115.0,1258.9228334353918
116.0,1265.8016482677458
117.0,1272.4229659365765
118.0,1278.782361119242
119.0,1284.8755685059625
120.0,1290.698487564826
121.0,1296.2471871385794
122.0,1301.5179098660012
123.0,1306.507076420892
124.0,1311.2112895619932
125.0,1315.6273379874203
126.0,1319.7521999874864
127.0,1323.583046890106
128.0,1327.1172462932764
129.0,1330.3523650794657
130.0,1333.2861722070775
131.0,1335.9166412745092
132.0,1338.2419528526761
133.0,1340.2604965822463
134.0,1341.9708730322002
135.0,1343.3718953167115
136.0,1344.4625904677373
137.0,1345.242200561091
138.0,1345.7101835941776
139.0,1345.8662141139653
140.0,1345.7101835941776
141.0,1345.242200561091
142.0,1344.4625904677373
143.0,1343.3718953167115
144.0,1341.9708730322002
145.0,1340.2604965822463
146.0,1338.2419528526761
147.0,1335.9166412745092
148.0,1333.2861722070775
149.0,1330.3523650794657
150.0,1327.1172462932764
151.0,1323.583046890106
152.0,1319.7521999874864
153.0,1315.6273379874203
154.0,1311.2112895619932
155.0,1306.507076420892
156.0,1301.5179098660012
157.0,1296.2471871385794
158.0,1290.698487564826
159.0,1284.8755685059625
160.0,1278.782361119242
161.0,1272.4229659365765
162.0,1265.8016482677458
163.0,1258.9228334353918
164.0,1251.7911018492525
165.0,1244.411183927302
166.0,1236.7879548716726
167.0,1228.92642930743
168.0,1220.8317557924454
169.0,1212.5092112067632
170.0,1203.9641950300136
171.0,1195.202223515538
172.0,1186.2289237700088
173.0,1177.050027747414
174.0,1167.6713661663555
175.0,1158.098862359661
176.0,1148.3385260653604
177.0,1138.3964471680924
178.0,1128.2787894000166
179.0,1117.9917840103008
180.0,1107.541723412216
181.0,1096.934954816844
182.0,1086.1778738623261
183.0,1075.276918247519
184.0,1064.2385613788276
185.0,1053.0693060388774
186.0,1041.7756780855714
187.0,1030.3642201899374
188.0,1018.8414856210259
189.0,1007.2140320859444
190.0,995.488415632958
191.0,983.6711846253721
192.0,971.7688737937298
193.0,959.7879983736359
194.0,947.7350483362958
195.0,935.6164827186249
196.0,923.438724059537
197.0,911.2081529487716
198.0,898.9311026943507
199.0,886.6138541144942
200.0,874.262630459539
201.0,861.883592469126
202.0,849.4828335696322
203.0,837.0663752165244
204.0,824.6401623860178
205.0,812.2100592201152
206.0,799.781844828801
207.0,787.3612092528482
208.0,774.9537495903965
209.0,762.5649662901362
210.0,750.2002596136323
211.0,737.864926269
212.0,725.5641562178416
213.0,713.3030296570403
214.0,701.0865141766964
215.0,688.9194620951945
216.0,676.8066079720808
217.0,664.7525662991366
218.0,652.7618293697391
219.0,640.8387653263123
220.0,628.9876163853902
221.0,617.2124972395301
222.0,605.5173936350569
223.0,593.9061611243382
224.0,582.3825239910484
225.0,570.9500743466236
226.0,559.6122713958677
227.0,548.3724408694416
228.0,537.2337746207419
229.0,526.1993303844579
230.0,515.2720316938935
231.0,504.45466795394543
232.0,493.7498946664368
233.0,483.1602338043348
234.0,472.68807433121196
235.0,462.33567286215464
236.0,452.1051544621737
237.0,441.9985135780425
238.0,432.0176150993561
239.0,422.16419554449396
240.0,412.4398643670622
241.0,402.84610537830076
242.0,393.38427828085247
243.0,384.0556203092219
244.0,374.86124797218827
245.0,365.8021588923795
246.0,356.8792337381811
247.0,348.09323824310815
248.0,339.4448253077581
249.0,330.93453717943856
250.0,322.56280770456505
251.0,314.32996464892744
252.0,306.23623208093676
253.0,298.28173281298575
254.0,290.46649089608945
255.0,282.79043416300703
