24.0,0.0003354415709141381
24.01,0.0003411815078967632
24.020000000000003,0.00034706880007367665
24.030000000000005,0.0003531084903759799
24.040000000000006,0.00035930583732171037
24.050000000000008,0.0003656663260612442
24.06000000000001,0.0003721956800815241
24.07000000000001,0.00037889987361388103
24.080000000000013,0.0003857851447936238
24.090000000000014,0.0003928580096232657
24.100000000000016,0.00040012527679526
24.110000000000017,0.0004075940634344645
24.12000000000002,0.0004152718118252744
24.13000000000002,0.0004231663071934869
24.140000000000022,0.0004312856966185395
24.150000000000023,0.00043963850915781824
24.160000000000025,0.0004482336772713323
24.170000000000027,0.0004570805596422326
24.180000000000028,0.00046618896549646975
24.19000000000003,0.00047556918053342275
24.20000000000003,0.0004852319945886241
24.210000000000033,0.0004951887311598583
24.220000000000034,0.0005054512789389955
24.230000000000036,0.0005160321255040236
24.240000000000038,0.0005269443933389832
24.25000000000004,0.0005382018783639788
24.26000000000004,0.0005498190911732813
24.270000000000042,0.0005618113011968873
24.280000000000044,0.0005741945840198871
24.290000000000045,0.0005869858721148357
24.300000000000047,0.00060020300926515
24.31000000000005,0.0006138648089826239
24.32000000000005,0.0006279911172496632
24.33000000000005,0.0006426028799470621
24.340000000000053,0.000657722215361348
24.350000000000055,0.0006733724922022304
24.360000000000056,0.000689578413600835
24.370000000000058,0.0007063661076035846
24.38000000000006,0.0007237632247252074
24.39000000000006,0.0007417990431778927
24.400000000000063,0.0007605045824525753
24.410000000000064,0.0007799127259932856
24.420000000000066,0.0008000583537770725
24.430000000000067,0.0008209784856908843
24.44000000000007,0.0008427124366836995
24.45000000000007,0.0008653019847680027
24.460000000000072,0.000888791553050242
24.470000000000073,0.0009132284070861872
24.480000000000075,0.0009386628689851593
24.490000000000077,0.0009651485498280518
24.500000000000078,0.0009927426021191094
24.51000000000008,0.0010215059941618078
24.52000000000008,0.001051503808436231
24.530000000000083,0.0010828055662603904
24.540000000000084,0.00111548558124231
24.550000000000086,0.0011496233442747318
24.560000000000088,0.0011853039430911355
24.57000000000009,0.0012226185196914383
24.58000000000009,0.001261664769258919
24.590000000000092,0.0013025474845267987
24.600000000000094,0.0013453791499130764
24.610000000000095,0.001390280590124221
24.620000000000097,0.0014373816783293978
24.6300000000001,0.001486822109422518
24.6400000000001,0.0015387522443124657
24.6500000000001,0.0015933340316020923
24.660000000000103,0.0016507420134192026
24.670000000000105,0.001711164422527286
24.680000000000106,0.0017748043781419661
24.690000000000108,0.0018418811880728258
24.70000000000011,0.0019126317648480765
24.71000000000011,0.00198731216329307
24.720000000000113,0.002066199246532319
24.730000000000114,0.002149592486449322
24.740000000000116,0.0022378159031128868
24.750000000000117,0.002331220145359272
24.76000000000012,0.002430184711342009
24.77000000000012,0.0025351203030842223
24.780000000000122,0.0026464713024520834
24.790000000000123,0.002764718346950092
24.800000000000125,0.0028903809716024505
24.810000000000127,0.00302402026702289
24.820000000000128,0.0031662414824483263
24.83000000000013,0.003317696474600467
24.84000000000013,0.003479085866996268
24.850000000000133,0.003651160737630433
24.860000000000134,0.0038347235932706387
24.870000000000136,0.004030628312996454
24.880000000000138,0.004239778648773886
24.89000000000014,0.004463124753277176
24.90000000000014,0.004701657061438446
24.910000000000142,0.004956396679584421
24.920000000000144,0.005228381233391213
24.930000000000145,0.00551864489527683
24.940000000000147,0.005828191060720225
24.95000000000015,0.006157955887585537
24.96000000000015,0.006508760682457594
24.97000000000015,0.006881250962228597
24.980000000000153,0.007275820013150933
24.990000000000155,0.007692515022545444
25.000000000000156,0.008130924518896408
25.010000000000158,0.008590047111696007
25.02000000000016,0.009068143586862336
25.03000000000016,0.009562577492381114
25.040000000000163,0.010069653572215382
25.050000000000164,0.010584468720569415
25.060000000000166,0.01110079614588598
25.070000000000167,0.011611029267698338
25.08000000000017,0.012106216012759595
25.09000000000017,0.012576214534649395
25.100000000000172,0.01300999559047374
25.110000000000174,0.013396102950638995
25.120000000000175,0.01372326088128956
25.130000000000177,0.013981089130458193
25.140000000000178,0.01416085636489484
25.15000000000018,0.014256180584378372
25.16000000000018,0.01426357796819316
25.170000000000183,0.01418277525088116
25.180000000000184,0.0140167346002861
25.190000000000186,0.013771386854179756
25.200000000000188,0.013455116936293473
25.21000000000019,0.01307808199090398
25.22000000000019,0.012651460015383557
25.230000000000192,0.012186722911822741
25.240000000000194,0.011695007480803897
25.250000000000195,0.01118662897886351
25.260000000000197,0.010670752646182698
25.2700000000002,0.010155214989945637
25.2800000000002,0.009646471306103549
25.2900000000002,0.009149638892127623
25.300000000000203,0.008668604897997537
25.310000000000205,0.008206171432821792
25.320000000000206,0.007764216218298704
25.330000000000208,0.007343853144316187
25.34000000000021,0.006945582551863209
25.35000000000021,0.0065694254846359375
25.360000000000213,0.006215039414971642
25.370000000000214,0.0058818151702581395
25.380000000000216,0.005568956161416627
25.390000000000217,0.00527554176095052
25.40000000000022,0.0050005769876344495
25.41000000000022,0.004743030683520714
25.420000000000222,0.004501864232101175
25.430000000000224,0.004276052644767221
25.440000000000225,0.004064599589028592
25.450000000000227,0.0038665476786798863
25.46000000000023,0.003680985111357682
25.47000000000023,0.0035070495313768183
25.48000000000023,0.0033439298181184357
25.490000000000233,0.003190866351849088
25.500000000000234,0.0030471501871318124
25.510000000000236,0.002912121465600704
25.520000000000238,0.0027851673212884315
25.53000000000024,0.0026657194695699077
25.54000000000024,0.0025532516221071066
25.550000000000242,0.002447276832349761
25.560000000000244,0.00234734484697553
25.570000000000245,0.0022530395163339566
25.580000000000247,0.0021639763000205615
25.59000000000025,0.002079799890967719
25.60000000000025,0.0020001819719549035
25.61000000000025,0.001924819111466641
25.620000000000253,0.0018534308007759277
25.630000000000255,0.0017857576305459245
25.640000000000256,0.0017215596027669192
25.650000000000258,0.0016606145722030704
25.66000000000026,0.0016027168105015252
25.67000000000026,0.0015476756855518845
25.680000000000263,0.0014953144484519355
25.690000000000264,0.0014454691204412347
25.700000000000266,0.0013979874723357459
25.710000000000267,0.0013527280892804971
25.72000000000027,0.0013095595139928588
25.73000000000027,0.001268359462066939
25.740000000000272,0.0012290141033280521
25.750000000000274,0.0011914174036496224
25.760000000000275,0.0011554705220623118
25.770000000000277,0.0011210812583890477
25.78000000000028,0.001088163547025029
25.79000000000028,0.0010566369928457523
25.80000000000028,0.0010264264455669095
25.810000000000283,0.0009974616091971591
25.820000000000285,0.000969676683518321
25.830000000000286,0.000943010034798148
25.840000000000288,0.0009174038931893991
25.85000000000029,0.0008928040744967029
25.86000000000029,0.0008691597242008622
25.870000000000292,0.0008464230818202263
25.880000000000294,0.0008245492638618201
25.890000000000295,0.0008034960637724411
25.900000000000297,0.0007832237674431488
25.9100000000003,0.0007636949829506964
25.9200000000003,0.0007448744833376304
25.9300000000003,0.0007267290613400457
25.940000000000303,0.0007092273950693502
25.950000000000305,0.0006923399237427253
25.960000000000306,0.0006760387326371351
25.970000000000308,0.000660297446514475
25.98000000000031,0.0006450911308314661
25.99000000000031,0.0006303962001078263
26.000000000000313,0.0006161903328806531
26.010000000000314,0.0006024523927223603
26.020000000000316,0.0005891623548444013
26.030000000000317,0.0005763012378498091
26.04000000000032,0.0005638510402346617
26.05000000000032,0.0005517946812723318
26.060000000000322,0.0005401159459450625
26.070000000000324,0.0005287994336153644
26.080000000000325,0.0005178305101551868
26.090000000000327,0.0005071952632740011
26.10000000000033,0.0004968804608080973
26.11000000000033,0.00048687351175267835
26.12000000000033,0.0004771624298359486
26.130000000000333,0.00046773579945047744
26.140000000000335,0.0004585827437718062
26.150000000000336,0.000449692894907708
26.160000000000338,0.0004410563659337895
26.17000000000034,0.0004326637246823773
26.18000000000034,0.00042450596916192626
26.190000000000342,0.00041657450449362695
26.200000000000344,0.00040886112126053737
26.210000000000345,0.00040135797517250625
26.220000000000347,0.00039405756795743354
26.23000000000035,0.00038695272939610767
26.24000000000035,0.0003800366004240038
26.25000000000035,0.0003733026172290782
26.260000000000353,0.00036674449627979516
26.270000000000355,0.0003603562202224047
26.280000000000356,0.000354132024590897
26.290000000000358,0.00034806638527712033
26.30000000000036,0.00034215400671229007
26.31000000000036,0.0003363898107145722
26.320000000000363,0.00033076892596060946
26.330000000000364,0.0003252866780418001
26.340000000000366,0.00031993858006886005
26.350000000000367,0.00031472032379071055
26.36000000000037,0.0003096277711960577
26.37000000000037,0.0003046569465681827
26.380000000000372,0.0002998040289654504
26.390000000000374,0.00029506534510188913
26.400000000000375,0.0002904373626039059
26.410000000000377,0.0002859166836207818
26.42000000000038,0.0002815000387680677
26.43000000000038,0.00027718428138436094
26.44000000000038,0.00027296638208321265
26.450000000000383,0.000268843423583093
26.460000000000385,0.0002648125957994343
26.470000000000386,0.00026087119118379094
26.480000000000388,0.00025701660029610085
26.49000000000039,0.00025324630759691473
26.50000000000039,0.000249557887447279
26.510000000000392,0.0002459490003047243
26.520000000000394,0.00024241738910452202
26.530000000000395,0.00023896087581603659
26.540000000000397,0.00023557735816462144
26.5500000000004,0.00023226480651008337
26.5600000000004,0.00022902126087328195
26.5700000000004,0.0002258448281029325
26.580000000000403,0.00022273367917515546
26.590000000000405,0.00021968604661875307
26.600000000000406,0.00021670022205960788
26.610000000000408,0.0002137745538779817
26.62000000000041,0.00021090744497285634
26.63000000000041,0.00020809735062779416
26.640000000000413,0.00020534277647311252
26.650000000000414,0.0002026422765394638
26.660000000000416,0.00019999445139819145
26.670000000000417,0.00019739794638409016
26.68000000000042,0.0001948514498964474
26.69000000000042,0.00019235369177446874
26.700000000000422,0.0001899034417434078
26.710000000000424,0.00018749950792792443
26.720000000000425,0.00018514073542938135
26.730000000000427,0.00018282600496397368
26.74000000000043,0.00018055423155874855
26.75000000000043,0.0001783243633027347
26.76000000000043,0.00017613538015054733
26.770000000000433,0.0001739862927759749
26.780000000000435,0.00017187614147318777
26.790000000000436,0.0001698039951033293
26.800000000000438,0.0001677689500843715
26.81000000000044,0.00016577012942222295
26.82000000000044,0.0001638066817811845
26.830000000000442,0.00016187778059194486
26.840000000000444,0.00015998262319539912
26.850000000000446,0.00015812043002066435
26.860000000000447,0.0001562904437957447
26.87000000000045,0.00015449192878937867
26.88000000000045,0.00015272417008267526
26.89000000000045,0.00015098647286921206
26.900000000000453,0.00014927816178233848
26.910000000000455,0.0001475985802484849
26.920000000000456,0.0001459470898653403
26.930000000000458,0.00014432306980381588
26.94000000000046,0.000142725916232763
26.95000000000046,0.00014115504176546664
26.960000000000463,0.0001396098749269792
26.970000000000464,0.00013808985964140682
26.980000000000466,0.00013659445473830154
26.990000000000467,0.00013512313347735229
