24.0,0.8029154415709141
24.01,0.8029211815078967
24.020000000000003,0.8029270688000736
24.030000000000005,0.8029331084903759
24.040000000000006,0.8029393058373216
24.050000000000008,0.8029456663260612
24.06000000000001,0.8029521956800815
24.07000000000001,0.8029588998736138
24.080000000000013,0.8029657851447936
24.090000000000014,0.8029728580096233
24.100000000000016,0.8029801252767952
24.110000000000017,0.8029875940634345
24.12000000000002,0.8029952718118253
24.13000000000002,0.8030031663071935
24.140000000000022,0.8030112856966185
24.150000000000023,0.8030196385091578
24.160000000000025,0.8030282336772713
24.170000000000027,0.8030370805596422
24.180000000000028,0.8030461889654964
24.19000000000003,0.8030555691805333
24.20000000000003,0.8030652319945886
24.210000000000033,0.8030751887311598
24.220000000000034,0.8030854512789389
24.230000000000036,0.803096032125504
24.240000000000038,0.803106944393339
24.25000000000004,0.8031182018783639
24.26000000000004,0.8031298190911732
24.270000000000042,0.8031418113011969
24.280000000000044,0.8031541945840198
24.290000000000045,0.8031669858721148
24.300000000000047,0.8031802030092651
24.31000000000005,0.8031938648089826
24.32000000000005,0.8032079911172496
24.33000000000005,0.8032226028799471
24.340000000000053,0.8032377222153613
24.350000000000055,0.8032533724922022
24.360000000000056,0.8032695784136008
24.370000000000058,0.8032863661076035
24.38000000000006,0.8033037632247252
24.39000000000006,0.8033217990431778
24.400000000000063,0.8033405045824525
24.410000000000064,0.8033599127259933
24.420000000000066,0.803380058353777
24.430000000000067,0.8034009784856908
24.44000000000007,0.8034227124366836
24.45000000000007,0.8034453019847679
24.460000000000072,0.8034687915530502
24.470000000000073,0.8034932284070861
24.480000000000075,0.8035186628689851
24.490000000000077,0.8035451485498281
24.500000000000078,0.8035727426021191
24.51000000000008,0.8036015059941618
24.52000000000008,0.8036315038084362
24.530000000000083,0.8036628055662604
24.540000000000084,0.8036954855812423
24.550000000000086,0.8037296233442747
24.560000000000088,0.8037653039430911
24.57000000000009,0.8038026185196914
24.58000000000009,0.8038416647692589
24.590000000000092,0.8038825474845268
24.600000000000094,0.803925379149913
24.610000000000095,0.8039702805901242
24.620000000000097,0.8040173816783294
24.6300000000001,0.8040668221094225
24.6400000000001,0.8041187522443124
24.6500000000001,0.8041733340316021
24.660000000000103,0.8042307420134192
24.670000000000105,0.8042911644225272
24.680000000000106,0.8043548043781419
24.690000000000108,0.8044218811880728
24.70000000000011,0.8044926317648481
24.71000000000011,0.804567312163293
24.720000000000113,0.8046461992465322
24.730000000000114,0.8047295924864493
24.740000000000116,0.8048178159031129
24.750000000000117,0.8049112201453592
24.76000000000012,0.805010184711342
24.77000000000012,0.8051151203030842
24.780000000000122,0.8052264713024521
24.790000000000123,0.8053447183469501
24.800000000000125,0.8054703809716024
24.810000000000127,0.8056040202670228
24.820000000000128,0.8057462414824483
24.83000000000013,0.8058976964746004
24.84000000000013,0.8060590858669963
24.850000000000133,0.8062311607376303
24.860000000000134,0.8064147235932706
24.870000000000136,0.8066106283129965
24.880000000000138,0.8068197786487739
24.89000000000014,0.8070431247532771
24.90000000000014,0.8072816570614384
24.910000000000142,0.8075363966795844
24.920000000000144,0.8078083812333912
24.930000000000145,0.8080986448952768
24.940000000000147,0.8084081910607201
24.95000000000015,0.8087379558875855
24.96000000000015,0.8090887606824576
24.97000000000015,0.8094612509622285
24.980000000000153,0.8098558200131509
24.990000000000155,0.8102725150225454
25.000000000000156,0.8107109245188964
25.010000000000158,0.8111700471116959
25.02000000000016,0.8116481435868623
25.03000000000016,0.8121425774923811
25.040000000000163,0.8126496535722153
25.050000000000164,0.8131644687205694
25.060000000000166,0.813680796145886
25.070000000000167,0.8141910292676983
25.08000000000017,0.8146862160127596
25.09000000000017,0.8151562145346494
25.100000000000172,0.8155899955904737
25.110000000000174,0.8159761029506389
25.120000000000175,0.8163032608812896
25.130000000000177,0.8165610891304581
25.140000000000178,0.8167408563648948
25.15000000000018,0.8168361805843783
25.16000000000018,0.8168435779681931
25.170000000000183,0.8167627752508811
25.180000000000184,0.816596734600286
25.190000000000186,0.8163513868541797
25.200000000000188,0.8160351169362934
25.21000000000019,0.815658081990904
25.22000000000019,0.8152314600153835
25.230000000000192,0.8147667229118227
25.240000000000194,0.8142750074808038
25.250000000000195,0.8137666289788634
25.260000000000197,0.8132507526461826
25.2700000000002,0.8127352149899456
25.2800000000002,0.8122264713061035
25.2900000000002,0.8117296388921276
25.300000000000203,0.8112486048979975
25.310000000000205,0.8107861714328217
25.320000000000206,0.8103442162182987
25.330000000000208,0.8099238531443161
25.34000000000021,0.8095255825518631
25.35000000000021,0.8091494254846359
25.360000000000213,0.8087950394149716
25.370000000000214,0.8084618151702581
25.380000000000216,0.8081489561614166
25.390000000000217,0.8078555417609505
25.40000000000022,0.8075805769876344
25.41000000000022,0.8073230306835206
25.420000000000222,0.8070818642321012
25.430000000000224,0.8068560526447672
25.440000000000225,0.8066445995890286
25.450000000000227,0.8064465476786798
25.46000000000023,0.8062609851113577
25.47000000000023,0.8060870495313768
25.48000000000023,0.8059239298181184
25.490000000000233,0.805770866351849
25.500000000000234,0.8056271501871318
25.510000000000236,0.8054921214656007
25.520000000000238,0.8053651673212884
25.53000000000024,0.8052457194695699
25.54000000000024,0.805133251622107
25.550000000000242,0.8050272768323498
25.560000000000244,0.8049273448469755
25.570000000000245,0.8048330395163339
25.580000000000247,0.8047439763000205
25.59000000000025,0.8046597998909677
25.60000000000025,0.8045801819719549
25.61000000000025,0.8045048191114667
25.620000000000253,0.8044334308007759
25.630000000000255,0.8043657576305459
25.640000000000256,0.8043015596027668
25.650000000000258,0.8042406145722031
25.66000000000026,0.8041827168105015
25.67000000000026,0.8041276756855519
25.680000000000263,0.8040753144484519
25.690000000000264,0.8040254691204411
25.700000000000266,0.8039779874723357
25.710000000000267,0.8039327280892805
25.72000000000027,0.8038895595139928
25.73000000000027,0.8038483594620669
25.740000000000272,0.8038090141033281
25.750000000000274,0.8037714174036495
25.760000000000275,0.8037354705220623
25.770000000000277,0.803701081258389
25.78000000000028,0.803668163547025
25.79000000000028,0.8036366369928457
25.80000000000028,0.8036064264455669
25.810000000000283,0.8035774616091971
25.820000000000285,0.8035496766835183
25.830000000000286,0.8035230100347981
25.840000000000288,0.8034974038931894
25.85000000000029,0.8034728040744966
25.86000000000029,0.8034491597242008
25.870000000000292,0.8034264230818202
25.880000000000294,0.8034045492638617
25.890000000000295,0.8033834960637724
25.900000000000297,0.8033632237674431
25.9100000000003,0.8033436949829507
25.9200000000003,0.8033248744833376
25.9300000000003,0.80330672906134
25.940000000000303,0.8032892273950694
25.950000000000305,0.8032723399237427
25.960000000000306,0.8032560387326371
25.970000000000308,0.8032402974465145
25.98000000000031,0.8032250911308314
25.99000000000031,0.8032103962001078
26.000000000000313,0.8031961903328806
26.010000000000314,0.8031824523927223
26.020000000000316,0.8031691623548444
26.030000000000317,0.8031563012378498
26.04000000000032,0.8031438510402347
26.05000000000032,0.8031317946812723
26.060000000000322,0.803120115945945
26.070000000000324,0.8031087994336154
26.080000000000325,0.8030978305101552
26.090000000000327,0.803087195263274
26.10000000000033,0.803076880460808
26.11000000000033,0.8030668735117527
26.12000000000033,0.8030571624298359
26.130000000000333,0.8030477357994504
26.140000000000335,0.8030385827437717
26.150000000000336,0.8030296928949077
26.160000000000338,0.8030210563659338
26.17000000000034,0.8030126637246824
26.18000000000034,0.8030045059691618
26.190000000000342,0.8029965745044936
26.200000000000344,0.8029888611212604
26.210000000000345,0.8029813579751724
26.220000000000347,0.8029740575679574
26.23000000000035,0.8029669527293961
26.24000000000035,0.8029600366004239
26.25000000000035,0.8029533026172291
26.260000000000353,0.8029467444962798
26.270000000000355,0.8029403562202224
26.280000000000356,0.8029341320245909
26.290000000000358,0.802928066385277
26.30000000000036,0.8029221540067123
26.31000000000036,0.8029163898107146
26.320000000000363,0.8029107689259606
26.330000000000364,0.8029052866780417
26.340000000000366,0.8028999385800688
26.350000000000367,0.8028947203237907
26.36000000000037,0.802889627771196
26.37000000000037,0.8028846569465682
26.380000000000372,0.8028798040289654
26.390000000000374,0.8028750653451019
26.400000000000375,0.8028704373626039
26.410000000000377,0.8028659166836207
26.42000000000038,0.802861500038768
26.43000000000038,0.8028571842813843
26.44000000000038,0.8028529663820831
26.450000000000383,0.8028488434235831
26.460000000000385,0.8028448125957994
26.470000000000386,0.8028408711911837
26.480000000000388,0.802837016600296
26.49000000000039,0.8028332463075969
26.50000000000039,0.8028295578874473
26.510000000000392,0.8028259490003047
26.520000000000394,0.8028224173891045
26.530000000000395,0.802818960875816
26.540000000000397,0.8028155773581646
26.5500000000004,0.80281226480651
26.5600000000004,0.8028090212608733
26.5700000000004,0.8028058448281029
26.580000000000403,0.8028027336791751
26.590000000000405,0.8027996860466187
26.600000000000406,0.8027967002220596
26.610000000000408,0.8027937745538779
26.62000000000041,0.8027909074449728
26.63000000000041,0.8027880973506277
26.640000000000413,0.8027853427764731
26.650000000000414,0.8027826422765394
26.660000000000416,0.8027799944513981
26.670000000000417,0.802777397946384
26.68000000000042,0.8027748514498964
26.69000000000042,0.8027723536917745
26.700000000000422,0.8027699034417434
26.710000000000424,0.8027674995079279
26.720000000000425,0.8027651407354294
26.730000000000427,0.802762826004964
26.74000000000043,0.8027605542315587
26.75000000000043,0.8027583243633027
26.76000000000043,0.8027561353801506
26.770000000000433,0.802753986292776
26.780000000000435,0.8027518761414731
26.790000000000436,0.8027498039951033
26.800000000000438,0.8027477689500844
26.81000000000044,0.8027457701294222
26.82000000000044,0.8027438066817811
26.830000000000442,0.8027418777805919
26.840000000000444,0.8027399826231953
26.850000000000446,0.8027381204300206
26.860000000000447,0.8027362904437957
26.87000000000045,0.8027344919287893
26.88000000000045,0.8027327241700827
26.89000000000045,0.8027309864728692
26.900000000000453,0.8027292781617823
26.910000000000455,0.8027275985802484
26.920000000000456,0.8027259470898653
26.930000000000458,0.8027243230698038
26.94000000000046,0.8027227259162327
26.95000000000046,0.8027211550417654
26.960000000000463,0.802719609874927
26.970000000000464,0.8027180898596413
26.980000000000466,0.8027165944547383
26.990000000000467,0.8027151231334773
