2.0,2.0030839584788076
3.0,2.175292404431298
4.0,2.3611218067776254
5.0,2.561541518824683
6.0,2.777580568416409
7.0,3.0103305731587757
8.0,3.2609487388779708
9.0,3.5306609389397776
10.0,3.820764871563383
11.0,4.132633291738687
12.0,4.467717313802507
13.0,4.827549780146067
14.0,5.2137486909142225
15.0,5.628020688916228
16.0,6.072164593299719
17.0,6.54807497484417
18.0,7.057745765009028
19.0,7.6032738901261885
20.0,8.186862921357726
21.0,8.810826730250243
22.0,9.477593138908153
23.0,10.189707552982588
24.0,10.949836564832628
25.0,11.76077151336429
26.0,12.625431986192863
27.0,13.546869248909719
28.0,14.528269585369015
29.0,15.572957532046466
30.0,16.68439898866627
31.0,17.866204186448016
32.0,19.122130494496222
33.0,20.456085044049207
34.0,21.872127149522242
35.0,23.37447050453271
36.0,24.9674851303835
37.0,26.655699053815106
38.0,28.443799690219407
39.0,30.33663490794839
40.0,32.33921374885301
41.0,34.45670677975974
42.0,36.694446049239424
43.0,39.057924623754346
44.0,41.552795677088945
45.0,44.184871106885964
46.0,46.960119652129116
47.0,49.88466448554142
48.0,52.96478025511312
49.0,56.20688954933925
50.0,59.61755876124129
51.0,63.203493326876064
52.0,66.97153231480124
53.0,70.92864234388036
54.0,75.08191080786742
55.0,79.4385383864274
56.0,84.00583082361514
57.0,88.7911899563651
58.0,93.8021039772338
59.0,99.04613691748891
60.0,104.53091733865584
61.0,110.26412622281339
62.0,116.25348405427178
63.0,122.50673708777327
64.0,129.03164280101666
65.0,135.8359545321265
66.0,142.92740530565638
67.0,150.31369085382926
68.0,158.0024518429698
69.0,166.00125531846595
70.0,174.31757538510033
71.0,182.95877314321027
72.0,191.9320759048481
73.0,201.24455571792268
74.0,210.90310723018115
75.0,220.91442492883428
76.0,231.2849797956171
77.0,242.0209954210952
78.0,253.12842362605932
79.0,264.6129196418787
80.0,276.47981690568497
81.0,288.73410153022166
82.0,301.38038651208717
83.0,314.4228857459133
84.0,327.8653879157277
85.0,341.71123033832583
86.0,355.9632728369063
87.0,370.62387172648306
88.0,385.6948539956467
89.0,401.1774917720943
90.0,417.0724771619539
91.0,433.37989755527343
92.0,450.09921149210993
93.0,467.2292251854107
94.0,484.76806979831986
95.0,502.713179574631
96.0,521.0612709218459
97.0,539.8083225466477
98.0,558.9495567425607
99.0,578.4794219291198
100.0,598.3915765409989
101.0,618.6788743642513
102.0,639.3333514150601
103.0,660.3462144542085
104.0,681.7078312278279
105.0,703.4077225218628
106.0,725.434556114136
107.0,747.7761427038528
108.0,770.4194338939114
109.0,793.3505222964421
110.0,816.5546438266279
111.0,840.0161822440546
112.0,863.7186759946097
113.0,887.6448273993335
114.0,911.7765142296139
115.0,936.0948037007556
116.0,960.5799689082422
117.0,985.2115077230006
118.0,1009.9681641536674
119.0,1034.8279521753102
120.0,1059.7681820152727
121.0,1084.7654888778557
122.0,1109.7958640804225
123.0,1134.834688564303
124.0,1159.8567687345526
125.0,1184.836374573303
126.0,1209.747279962106
127.0,1234.562805139401
128.0,1259.2558612100597
129.0,1283.7989966149146
130.0,1308.164445459327
131.0,1332.324177591217
132.0,1356.2499503106164
133.0,1379.9133615847659
134.0,1403.2859046350832
135.0,1426.3390237550432
136.0,1449.044171211166
137.0,1471.3728650729254
138.0,1493.2967478115424
139.0,1514.787645502323
140.0,1535.8176274604693
141.0,1556.3590661361934
142.0,1576.3846970914915
143.0,1595.867678878135
144.0,1614.7816526343365
145.0,1633.1008012161333
146.0,1650.799907678861
147.0,1667.8544129241511
148.0,1684.240472328683
149.0,1699.935011172481
150.0,1714.9157786868466
151.0,1729.1614005450758
152.0,1742.6514296228947
153.0,1755.3663948600945
154.0,1767.2878480600684
155.0,1778.3984084699239
156.0,1788.6818049904496
157.0,1798.1229158725127
158.0,1806.7078057643632
159.0,1814.4237599828148
160.0,1821.259315890358
161.0,1827.204291269815
162.0,1832.2498095982282
163.0,1836.3883221321792
164.0,1839.6136267276133
165.0,1841.9208833284993
166.0,1843.306626070182
167.0,1843.7687719550584
168.0,1843.306626070182
169.0,1841.9208833284993
170.0,1839.6136267276133
171.0,1836.3883221321792
172.0,1832.2498095982282
173.0,1827.204291269815
174.0,1821.259315890358
175.0,1814.4237599828148
176.0,1806.7078057643632
177.0,1798.1229158725127
178.0,1788.6818049904496
179.0,1778.3984084699239
180.0,1767.2878480600684
181.0,1755.3663948600945
182.0,1742.6514296228947
183.0,1729.1614005450758
184.0,1714.9157786868466
185.0,1699.935011172481
186.0,1684.240472328683
187.0,1667.8544129241511
188.0,1650.799907678861
189.0,1633.1008012161333
190.0,1614.7816526343365
191.0,1595.867678878135
192.0,1576.3846970914915
193.0,1556.3590661361934
194.0,1535.8176274604693
195.0,1514.787645502323
196.0,1493.2967478115424
197.0,1471.3728650729254
198.0,1449.044171211166
199.0,1426.3390237550432
200.0,1403.2859046350832
201.0,1379.9133615847659
202.0,1356.2499503106164
203.0,1332.324177591217
204.0,1308.164445459327
205.0,1283.7989966149146
206.0,1259.2558612100597
207.0,1234.562805139401
208.0,1209.747279962106
209.0,1184.836374573303
210.0,1159.8567687345526
211.0,1134.834688564303
212.0,1109.7958640804225
213.0,1084.7654888778557
214.0,1059.7681820152727
215.0,1034.8279521753102
216.0,1009.9681641536674
217.0,985.2115077230006
218.0,960.5799689082422
219.0,936.0948037007556
220.0,911.7765142296139
221.0,887.6448273993335
222.0,863.7186759946097
223.0,840.0161822440546
224.0,816.5546438266279
225.0,793.3505222964421
226.0,770.4194338939114
227.0,747.7761427038528
228.0,725.434556114136
229.0,703.4077225218628
230.0,681.7078312278279
231.0,660.3462144542085
232.0,639.3333514150601
233.0,618.6788743642513
234.0,598.3915765409989
235.0,578.4794219291198
236.0,558.9495567425607
237.0,539.8083225466477
238.0,521.0612709218459
239.0,502.713179574631
240.0,484.76806979831986
241.0,467.2292251854107
242.0,450.09921149210993
243.0,433.37989755527343
244.0,417.0724771619539
245.0,401.1774917720943
246.0,385.6948539956467
247.0,370.62387172648306
248.0,355.9632728369063
249.0,341.71123033832583
250.0,327.8653879157277
251.0,314.4228857459133
252.0,301.38038651208717
253.0,288.73410153022166
254.0,276.47981690568497
255.0,264.6129196418787
