2.0,843.6372686247395
3.0,862.3267332509639
4.0,881.1810617562375
5.0,900.1930823871262
6.0,919.3553324524886
7.0,938.6600605755407
8.0,958.0992294065314
9.0,977.6645188011839
10.0,997.347329469231
11.0,1017.1387870965325
12.0,1037.0297469433785
13.0,1057.0107989206913
14.0,1077.0722731449082
15.0,1097.204245971402
16.0,1117.3965465053188
17.0,1137.638763587754
18.0,1157.9202532541856
19.0,1178.230146661097
20.0,1198.5573584757017
21.0,1218.8905957226698
22.0,1239.218367080739
23.0,1259.528992621069
24.0,1279.810613978177
25.0,1300.0512049432755
26.0,1320.238582468824
27.0,1340.3604180721015
28.0,1360.404249624619
29.0,1380.3574935132156
30.0,1400.2074571577205
31.0,1419.9413518691242
32.0,1439.546306031293
33.0,1459.0093785883557
34.0,1478.3175728190447
35.0,1497.457850378426
36.0,1516.4171455866644
37.0,1535.1823799436954
38.0,1553.7404768479616
39.0,1572.0783764966711
40.0,1590.1830509444026
41.0,1608.0415192962812
42.0,1625.6408630113908
43.0,1642.968241291596
44.0,1660.0109065304873
45.0,1676.7562197967607
46.0,1693.1916663260097
47.0,1709.3048709946017
48.0,1725.083613749089
49.0,1740.5158449644198
50.0,1755.5897007041083
51.0,1770.2935178554565
52.0,1784.615849112928
53.0,1798.5454777828436
54.0,1812.0714323826846
55.0,1825.1830010084898
56.0,1837.8697454440698
57.0,1850.1215149860889
58.0,1861.928459959418
59.0,1873.281044897617
60.0,1884.1700613638786
61.0,1894.5866403883335
62.0,1904.5222644982214
63.0,1913.9687793180972
64.0,1922.9184047179715
65.0,1931.3637454880622
66.0,1939.297801519657
67.0,1946.7139774724728
68.0,1953.6060919098327
69.0,1959.9683858839394
70.0,1965.7955309545698
71.0,1971.0826366255465
72.0,1975.8252571844725
73.0,1980.0193979323305
74.0,1983.6615207907291
75.0,1986.7485492757808
76.0,1989.2778728288188
77.0,1991.2473504954226
78.0,1992.6553139454943
79.0,1993.5005698284172
80.0,1993.7824014586502
81.0,1993.5005698284172
82.0,1992.6553139454943
83.0,1991.2473504954226
84.0,1989.2778728288188
85.0,1986.7485492757808
86.0,1983.6615207907291
87.0,1980.0193979323305
88.0,1975.8252571844725
89.0,1971.0826366255465
90.0,1965.7955309545698
91.0,1959.9683858839394
92.0,1953.6060919098327
93.0,1946.7139774724728
94.0,1939.297801519657
95.0,1931.3637454880622
96.0,1922.9184047179715
97.0,1913.9687793180972
98.0,1904.5222644982214
99.0,1894.5866403883335
100.0,1884.1700613638786
101.0,1873.281044897617
102.0,1861.928459959418
103.0,1850.1215149860889
104.0,1837.8697454440698
105.0,1825.1830010084898
106.0,1812.0714323826846
107.0,1798.5454777828436
108.0,1784.615849112928
109.0,1770.2935178554565
110.0,1755.5897007041083
111.0,1740.5158449644198
112.0,1725.083613749089
113.0,1709.3048709946017
114.0,1693.1916663260097
115.0,1676.7562197967607
116.0,1660.0109065304873
117.0,1642.968241291596
118.0,1625.6408630113908
119.0,1608.0415192962812
120.0,1590.1830509444026
121.0,1572.0783764966711
122.0,1553.7404768479616
123.0,1535.1823799436954
124.0,1516.4171455866644
125.0,1497.457850378426
126.0,1478.3175728190447
127.0,1459.0093785883557
128.0,1439.546306031293
129.0,1419.9413518691242
130.0,1400.2074571577205
131.0,1380.3574935132156
132.0,1360.404249624619
133.0,1340.3604180721015
134.0,1320.238582468824
135.0,1300.0512049432755
136.0,1279.810613978177
137.0,1259.528992621069
138.0,1239.218367080739
139.0,1218.8905957226698
140.0,1198.5573584757017
141.0,1178.230146661097
142.0,1157.9202532541856
143.0,1137.638763587754
144.0,1117.3965465053188
145.0,1097.204245971402
146.0,1077.0722731449082
147.0,1057.0107989206913
148.0,1037.0297469433785
149.0,1017.1387870965325
150.0,997.347329469231
151.0,977.6645188011839
152.0,958.0992294065314
153.0,938.6600605755407
154.0,919.3553324524886
155.0,900.1930823871262
156.0,881.1810617562375
157.0,862.3267332509639
158.0,843.6372686247395
159.0,825.1195468958864
160.0,806.7801529981637
161.0,788.62537687182
162.0,770.6612129870135
163.0,752.8933602907838
164.0,735.327222568138
165.0,717.9679092072146
166.0,700.8202363579243
167.0,683.8887284729504
168.0,667.1776202194991
169.0,650.6908587497427
170.0,634.4321063174884
171.0,618.404743228231
172.0,602.6118711094088
173.0,587.0563164873905
174.0,571.7406346574529
175.0,556.6671138327908
176.0,541.8377795584136
177.0,527.2543993756265
178.0,512.9184877226935
179.0,498.83131105718326
180.0,484.9938931854675
181.0,471.40702078482536
182.0,458.071249103627
183.0,444.98690782512716
184.0,432.15410708048034
185.0,419.57274359670544
186.0,407.24250696546846
187.0,395.1628860187229
188.0,383.3331752974428
189.0,371.75248159990593
190.0,360.41973059622757
191.0,349.3336734961123
192.0,338.4928937570832
193.0,327.8958138207498
194.0,317.54070186500616
195.0,307.4256785603933
196.0,297.548723819218
197.0,287.9076835263911
198.0,278.5002762413377
199.0,269.32409986072605
200.0,260.376638232168
201.0,251.65526770946337
202.0,243.15726364038005
203.0,234.87980677839147
204.0,226.8199896102301
205.0,218.9748225915481
206.0,211.34124028342168
207.0,203.91610738287184
208.0,196.69622464101934
209.0,189.67833466292905
210.0,182.85912758363804
211.0,176.23524661529657
212.0,169.8032934607812
213.0,163.55983358956524
214.0,157.50140137205133
215.0,151.62450506898352
216.0,145.92563167296237
217.0,140.40125159948232
218.0,135.04782322530014
219.0,129.86179727232005
220.0,124.83962103555058
221.0,119.97774245404588
222.0,115.27261402408861
223.0,110.72069655420893
224.0,106.31846276195422
225.0,102.06240071263585
226.0,97.94901710057636
227.0,93.97484037366542
228.0,90.13642370230365
229.0,86.43034779407255
230.0,82.85322355571358
231.0,79.40169460423013
232.0,76.07243962914526
233.0,72.86217460815153
234.0,69.76765487858135
235.0,66.78567706730328
236.0,63.91308088181454
237.0,61.14675076545186
238.0,58.48361741978093
239.0,55.92065919735049
240.0,53.454903368111204
241.0,51.08342726290004
242.0,48.8033592974806
243.0,46.61187988070724
244.0,44.50622221044727
245.0,42.48367296095117
246.0,40.541572865404916
247.0,38.67731719743382
248.0,36.88835615535107
249.0,35.172195152959816
250.0,33.5263950207236
251.0,31.94857212111691
252.0,30.43639838195708
253.0,28.987601251499516
254.0,27.5999635790523
255.0,26.271323424832243
