24.0,0.6029100059025538
24.01,0.6029126851333829
24.020000000000003,0.6029154320906683
24.030000000000005,0.6029182490717843
24.040000000000006,0.6029211384721443
24.050000000000008,0.6029241027902552
24.06000000000001,0.6029271446330747
24.07000000000001,0.6029302667216979
24.080000000000013,0.6029334718973923
24.090000000000014,0.6029367631280093
24.100000000000016,0.6029401435147952
24.110000000000017,0.6029436162996348
24.12000000000002,0.6029471848727552
24.13000000000002,0.6029508527809266
24.140000000000022,0.6029546237361939
24.150000000000023,0.602958501625182
24.160000000000025,0.6029624905190156
24.170000000000027,0.6029665946839011
24.180000000000028,0.6029708185924215
24.19000000000003,0.6029751669355995
24.20000000000003,0.6029796446357886
24.210000000000033,0.6029842568604586
24.220000000000034,0.6029890090369459
24.230000000000036,0.6029939068682453
24.240000000000038,0.6029989563499317
24.25000000000004,0.6030041637883004
24.26000000000004,0.6030095358198289
24.270000000000042,0.6030150794320723
24.280000000000044,0.603020801986111
24.290000000000045,0.6030267112406856
24.300000000000047,0.6030328153781641
24.31000000000005,0.6030391230325021
24.32000000000005,0.6030456433193703
24.33000000000005,0.603052385868646
24.340000000000053,0.6030593608594781
24.350000000000055,0.6030665790581636
24.360000000000056,0.603074051859093
24.370000000000058,0.6030817913290518
24.38000000000006,0.6030898102551941
24.39000000000006,0.6030981221970396
24.400000000000063,0.6031067415428815
24.410000000000064,0.6031156835710361
24.420000000000066,0.6031249645164137
24.430000000000067,0.6031346016429411
24.44000000000007,0.6031446133224286
24.45000000000007,0.6031550191205431
24.460000000000072,0.6031658398906212
24.470000000000073,0.6031770978761481
24.480000000000075,0.6031888168228225
24.490000000000077,0.6032010221012396
24.500000000000078,0.6032137408413492
24.51000000000008,0.6032270020799929
24.52000000000008,0.6032408369229805
24.530000000000083,0.6032552787233569
24.540000000000084,0.6032703632777205
24.550000000000086,0.6032861290426953
24.560000000000088,0.6033026173739386
24.57000000000009,0.603319872790382
24.58000000000009,0.6033379432667713
24.590000000000092,0.6033568805579899
24.600000000000094,0.603376740559139
24.610000000000095,0.6033975837059055
24.620000000000097,0.6034194754204008
24.6300000000001,0.6034424866084072
24.6400000000001,0.6034666942148428
24.6500000000001,0.6034921818452778
24.660000000000103,0.6035190404625214
24.670000000000105,0.6035473691686951
24.680000000000106,0.603577276084832
24.690000000000108,0.6036088793419578
24.70000000000011,0.6036423081998614
24.71000000000011,0.6036777043124133
24.720000000000113,0.60371522316143
24.730000000000114,0.6037550356847922
24.740000000000116,0.6037973301289351
24.750000000000117,0.6038423141610685
24.76000000000012,0.6038902172827334
24.77000000000012,0.6039412935937651
24.780000000000122,0.6039958249646684
24.790000000000123,0.604054124686125
24.800000000000125,0.6041165416772385
24.810000000000127,0.6041834653496273
24.820000000000128,0.6042553312431875
24.83000000000013,0.604332627571944
24.84000000000013,0.6044159028457324
24.850000000000133,0.6045057747665383
24.860000000000134,0.6046029406383587
24.870000000000136,0.6047081895779324
24.880000000000138,0.6048224168722838
24.89000000000014,0.6049466408997163
24.90000000000014,0.6050820231158239
24.910000000000142,0.6052298917075231
24.920000000000144,0.6053917696381298
24.930000000000145,0.6055694079465608
24.940000000000147,0.6057648253237038
24.95000000000015,0.6059803551656248
24.96000000000015,0.6062187014873839
24.97000000000015,0.6064830052530147
24.980000000000153,0.6067769227983005
24.990000000000155,0.6071047180231706
25.000000000000156,0.6074713697859095
25.010000000000158,0.6078826952286341
25.02000000000016,0.6083454882425049
25.03000000000016,0.6088676693446039
25.040000000000163,0.6094584379140058
25.050000000000164,0.6101284084755989
25.060000000000166,0.6108896971433674
25.070000000000167,0.6117558989420707
25.08000000000017,0.612741856791192
25.09000000000017,0.6138630630542788
25.100000000000172,0.6151344510410407
25.110000000000174,0.6165682313404945
25.120000000000175,0.6181703341520456
25.130000000000177,0.6199350120727705
25.140000000000178,0.6218374035909319
25.15000000000018,0.6238246241785697
25.16000000000018,0.6258075102266283
25.170000000000183,0.6276573877293179
25.180000000000184,0.6292140076513466
25.190000000000186,0.6303094911302944
25.200000000000188,0.6308062860840262
25.21000000000019,0.6306364887453625
25.22000000000019,0.6298237029193771
25.230000000000192,0.6284752663819342
25.240000000000194,0.6267492922396325
25.250000000000195,0.6248138386761553
25.260000000000197,0.6228151354313243
25.2700000000002,0.6208620444740766
25.2800000000002,0.6190245597409468
25.2900000000002,0.6173402677582709
25.300000000000203,0.6158233293650289
25.310000000000205,0.614472792394417
25.320000000000206,0.613279005264817
25.330000000000208,0.6122280362772288
25.34000000000021,0.6113044686128392
25.35000000000021,0.6104930318936428
25.360000000000213,0.6097794661927518
25.370000000000214,0.6091509104147421
25.380000000000216,0.6085960125029078
25.390000000000217,0.6081048875198226
25.40000000000022,0.6076690004977139
25.41000000000022,0.6072810190230067
25.420000000000222,0.6069346605987365
25.430000000000224,0.6066245478034369
25.440000000000225,0.6063460772317043
25.450000000000227,0.6060953042349077
25.46000000000023,0.6058688433529307
25.47000000000023,0.6056637832772325
25.48000000000023,0.6054776147482547
25.490000000000233,0.6053081696892101
25.500000000000234,0.6051535699510017
25.510000000000236,0.6050121841960945
25.520000000000238,0.6048825916305596
25.53000000000024,0.6047635514755068
25.54000000000024,0.6046539772380264
25.550000000000242,0.6045529149918328
25.560000000000244,0.6044595250076314
25.570000000000245,0.6043730661836286
25.580000000000247,0.6042928828194278
25.59000000000025,0.6042183933540125
25.60000000000025,0.6041490807528482
25.61000000000025,0.6040844842823888
25.620000000000253,0.6040241924543001
25.630000000000255,0.6039678369580683
25.640000000000256,0.6039150874307023
25.650000000000258,0.6038656469370522
25.66000000000026,0.6038192480548167
25.67000000000026,0.6037756494753145
25.680000000000263,0.6037346330452226
25.690000000000264,0.6036960011862141
25.700000000000266,0.6036595746392056
25.710000000000267,0.6036251904880793
25.72000000000027,0.6035927004245656
25.73000000000027,0.6035619692216907
25.740000000000272,0.6035328733879902
25.750000000000274,0.603505299978736
25.760000000000275,0.6034791455438266
25.770000000000277,0.6034543151948787
25.78000000000028,0.603430721776494
25.79000000000028,0.6034082851287521
25.80000000000028,0.6033869314297419
25.810000000000283,0.6033665926084485
25.820000000000285,0.6033472058195998
25.830000000000286,0.6033287129731728
25.840000000000288,0.6033110603122088
25.85000000000029,0.6032941980333956
25.86000000000029,0.6032780799455725
25.870000000000292,0.6032626631619218
25.880000000000294,0.6032479078221274
25.890000000000295,0.6032337768412346
25.900000000000297,0.6032202356823393
25.9100000000003,0.603207252150572
25.9200000000003,0.6031947962061428
25.9300000000003,0.6031828397944681
25.940000000000303,0.6031713566916307
25.950000000000305,0.6031603223636199
25.960000000000306,0.6031497138379724
25.970000000000308,0.6031395095865877
25.98000000000031,0.6031296894186258
25.99000000000031,0.6031202343825133
26.000000000000313,0.6031111266761863
26.010000000000314,0.6031023495647928
26.020000000000316,0.6030938873051588
26.030000000000317,0.6030857250763896
26.04000000000032,0.6030778489160501
26.05000000000032,0.6030702456614166
26.060000000000322,0.6030629028953474
26.070000000000324,0.603055808896363
26.080000000000325,0.6030489525925697
26.090000000000327,0.6030423235190893
26.10000000000033,0.6030359117786979
26.11000000000033,0.6030297080054
26.12000000000033,0.6030237033306911
26.130000000000333,0.6030178893522853
26.140000000000335,0.6030122581051052
26.150000000000336,0.6030068020343489
26.160000000000338,0.6030015139704676
26.17000000000034,0.6029963871059003
26.18000000000034,0.6029914149734246
26.190000000000342,0.6029865914260013
26.200000000000344,0.6029819106179921
26.210000000000345,0.6029773669876471
26.220000000000347,0.6029729552407651
26.23000000000035,0.6029686703354371
26.24000000000035,0.6029645074677931
26.25000000000035,0.6029604620586767
26.260000000000353,0.6029565297411799
26.270000000000355,0.602952706348975
26.280000000000356,0.6029489879053869
26.290000000000358,0.6029453706131506
26.30000000000036,0.6029418508448083
26.31000000000036,0.602938425133699
26.320000000000363,0.6029350901654987
26.330000000000364,0.602931842770276
26.340000000000366,0.6029286799150243
26.350000000000367,0.6029255986966408
26.36000000000037,0.6029225963353199
26.37000000000037,0.6029196701683359
26.380000000000372,0.6029168176441868
26.390000000000374,0.6029140363170762
26.400000000000375,0.602911323841712
26.410000000000377,0.6029086779683998
26.42000000000038,0.6029060965384142
26.43000000000038,0.6029035774796278
26.44000000000038,0.6029011188023832
26.450000000000383,0.6028987185955926
26.460000000000385,0.6028963750230507
26.470000000000386,0.6028940863199467
26.480000000000388,0.6028918507895648
26.49000000000039,0.6028896668001608
26.50000000000039,0.6028875327820044
26.510000000000392,0.6028854472245762
26.520000000000394,0.6028834086739129
26.530000000000395,0.6028814157300886
26.540000000000397,0.6028794670448263
26.5500000000004,0.6028775613192319
26.5600000000004,0.6028756973016423
26.5700000000004,0.6028738737855827
26.580000000000403,0.6028720896078259
26.590000000000405,0.6028703436465479
26.600000000000406,0.6028686348195741
26.610000000000408,0.6028669620827122
26.62000000000041,0.6028653244281659
26.63000000000041,0.6028637208830251
26.640000000000413,0.6028621505078283
26.650000000000414,0.6028606123951946
26.660000000000416,0.6028591056685192
26.670000000000417,0.602857629480731
26.68000000000042,0.6028561830131081
26.69000000000042,0.6028547654741482
26.700000000000422,0.6028533760984915
26.710000000000424,0.6028520141458923
26.720000000000425,0.6028506789002376
26.730000000000427,0.6028493696686105
26.74000000000043,0.6028480857803956
26.75000000000043,0.6028468265864237
26.76000000000043,0.6028455914581555
26.770000000000433,0.6028443797869002
26.780000000000435,0.6028431909830692
26.790000000000436,0.6028420244754621
26.800000000000438,0.6028408797105833
26.81000000000044,0.6028397561519885
26.82000000000044,0.6028386532796585
26.830000000000442,0.6028375705894004
26.840000000000444,0.6028365075922733
26.850000000000446,0.6028354638140391
26.860000000000447,0.6028344387946349
26.87000000000045,0.6028334320876692
26.88000000000045,0.6028324432599363
26.89000000000045,0.6028314718909533
26.900000000000453,0.6028305175725144
26.910000000000455,0.6028295799082631
26.920000000000456,0.6028286585132834
26.930000000000458,0.6028277530137048
26.94000000000046,0.6028268630463258
26.95000000000046,0.6028259882582497
26.960000000000463,0.6028251283065371
26.970000000000464,0.6028242828578704
26.980000000000466,0.6028234515882319
26.990000000000467,0.6028226341825947
