24.0,0.0003532788243934224
24.01,0.00035883974693542184
24.020000000000003,0.00036453281277936615
24.030000000000005,0.0003703622356747058
24.040000000000006,0.0003763323984134571
24.050000000000008,0.0003824478610205854
24.06000000000001,0.00038871336941036347
24.07000000000001,0.0003951338645391987
24.080000000000013,0.0004017144920876843
24.090000000000014,0.00040846061270707445
24.100000000000016,0.00041537781286803447
24.110000000000017,0.0004224719163523953
24.12000000000002,0.00042974899643175425
24.13000000000002,0.00043721538878015707
24.140000000000022,0.00044487770517176667
24.150000000000023,0.00045274284801843115
24.160000000000025,0.000460818025806406
24.170000000000027,0.00046911076949622646
24.180000000000028,0.00047762894995488354
24.19000000000003,0.0004863807964950775
24.20000000000003,0.0004953749166024671
24.210000000000033,0.0005046203169385215
24.220000000000034,0.0005141264257139112
24.230000000000036,0.0005239031165353719
24.240000000000038,0.0005339607338377368
24.25000000000004,0.0005443101200224267
24.26000000000004,0.0005549626444341994
24.270000000000042,0.0005659302343195004
24.280000000000044,0.0005772254079224129
24.290000000000045,0.0005888613098881332
24.300000000000047,0.0006008517491591953
24.31000000000005,0.0006132112395665223
24.32000000000005,0.0006259550433359465
24.33000000000005,0.0006390992177513155
24.340000000000053,0.0006526606652379007
24.350000000000055,0.0006666571871547963
24.360000000000056,0.0006811075416126207
24.370000000000058,0.0006960315056633985
24.38000000000006,0.0007114499422434004
24.39000000000006,0.0007273848722872964
24.400000000000063,0.0007438595524737312
24.410000000000064,0.0007608985591088355
24.420000000000066,0.0007785278787058399
24.430000000000067,0.0007967750058764956
24.44000000000007,0.000815669049214207
24.45000000000007,0.0008352408459204493
24.460000000000072,0.0008555230860061875
24.470000000000073,0.0008765504469897344
24.480000000000075,0.0008983597401130073
24.490000000000077,0.0009209900692109908
24.500000000000078,0.0009444830034959713
24.51000000000008,0.0009688827656607539
24.52000000000008,0.000994236436865748
24.530000000000083,0.0010205941803560956
24.540000000000084,0.0010480094856598027
24.550000000000086,0.0010765394355495075
24.560000000000088,0.0011062449982130241
24.57000000000009,0.001137191347375609
24.58000000000009,0.0011694482134553654
24.590000000000092,0.0012030902692183748
24.600000000000094,0.0012381975538392873
24.610000000000095,0.0012748559397744283
24.620000000000097,0.001313157647427949
24.6300000000001,0.00135320181324843
24.6400000000001,0.001395095117647284
24.6500000000001,0.00143895247999703
24.660000000000103,0.0014848978289657812
24.670000000000105,0.0015330649575961617
24.680000000000106,0.0015835984738685495
24.690000000000108,0.0016366548590310075
24.70000000000011,0.0016924036477685136
24.71000000000011,0.001751028746366082
24.720000000000113,0.001812729907446647
24.730000000000114,0.0018777243826981233
24.740000000000116,0.0019462487783203015
24.750000000000117,0.0020185611418120633
24.76000000000012,0.002094943313292208
24.77000000000012,0.0021757035799353126
24.780000000000122,0.0022611796784676504
24.790000000000123,0.002351742198201849
24.800000000000125,0.002447798446029365
24.810000000000127,0.002549796845425792
24.820000000000128,0.002658231954208621
24.83000000000013,0.002773650200953118
24.84000000000013,0.0028966564581510814
24.850000000000133,0.003027921592043836
24.860000000000134,0.0031681911553822027
24.870000000000136,0.0033182954211600623
24.880000000000138,0.003479160993869716
24.89000000000014,0.003651824281567852
24.90000000000014,0.0038374471689210272
24.910000000000142,0.0040373353007790574
24.920000000000144,0.0042529594706340185
24.930000000000145,0.004485980712197067
24.940000000000147,0.004738279819766213
24.95000000000015,0.005011992179618432
24.96000000000015,0.005309548987151219
24.97000000000015,0.005633726161204046
24.980000000000153,0.005987702557845404
24.990000000000155,0.00637512944258968
25.000000000000156,0.006800213615778776
25.010000000000158,0.007267817114977936
25.02000000000016,0.0077835770544221585
25.03000000000016,0.008354049914849178
25.040000000000163,0.008986885467665694
25.050000000000164,0.00969103648420895
25.060000000000166,0.010477011380691993
25.070000000000167,0.011357177839992133
25.08000000000017,0.012346125946510387
25.09000000000017,0.013461098927118137
25.100000000000172,0.01472249721763787
25.110000000000174,0.016154455503698935
25.120000000000175,0.01778547953805726
25.130000000000177,0.019649104660025868
25.140000000000178,0.021784492295967565
25.15000000000018,0.024236800256088972
25.16000000000018,0.02705702596994513
25.170000000000183,0.030300799281183743
25.180000000000184,0.03402525952575036
25.190000000000186,0.03828267286790772
25.200000000000188,0.043108885924400014
25.21000000000019,0.04850432846517637
25.22000000000019,0.05440575808010074
25.230000000000192,0.060649633819230046
25.240000000000194,0.06693471079407746
25.250000000000195,0.07280264310062726
25.260000000000197,0.0776660055549718
25.2700000000002,0.08090893286837014
25.2800000000002,0.08205093929369141
25.2900000000002,0.08090893286828053
25.300000000000203,0.07766600555480664
25.310000000000205,0.07280264310040958
25.320000000000206,0.06693471079383213
25.330000000000208,0.06064963381897826
25.34000000000021,0.05440575807985761
25.35000000000021,0.048504328464950924
25.360000000000213,0.04310888592419649
25.370000000000214,0.038282672867727144
25.380000000000216,0.03402525952559188
25.390000000000217,0.030300799281045485
25.40000000000022,0.027057025969824868
25.41000000000022,0.024236800255984427
25.420000000000222,0.02178449229587661
25.430000000000224,0.01964910465994659
25.440000000000225,0.017785479537987967
25.450000000000227,0.0161544555036382
25.46000000000023,0.01472249721758446
25.47000000000023,0.013461098927071004
25.48000000000023,0.012346125946468653
25.490000000000233,0.011357177839955051
25.500000000000234,0.010477011380658935
25.510000000000236,0.00969103648417938
25.520000000000238,0.008986885467639158
25.53000000000024,0.00835404991482529
25.54000000000024,0.007783577054400594
25.550000000000242,0.007267817114958413
25.560000000000244,0.00680021361576105
25.570000000000245,0.006375129442573545
25.580000000000247,0.005987702557830679
25.59000000000025,0.005633726161190577
25.60000000000025,0.005309548987138869
25.61000000000025,0.005011992179607083
25.620000000000253,0.004738279819755762
25.630000000000255,0.004485980712187426
25.640000000000256,0.004252959470625105
25.650000000000258,0.004037335300770802
25.66000000000026,0.0038374471689133667
25.67000000000026,0.0036518242815607323
25.680000000000263,0.0034791609938630867
25.690000000000264,0.0033182954211538815
25.700000000000266,0.003168191155376431
25.710000000000267,0.0030279215920384385
25.72000000000027,0.0028966564581460277
25.73000000000027,0.0027736502009483794
25.740000000000272,0.0026582319542041715
25.750000000000274,0.002549796845421609
25.760000000000275,0.0024477984460254277
25.770000000000277,0.0023517421981981384
25.78000000000028,0.00226117967846415
25.79000000000028,0.002175703579932007
25.80000000000028,0.0020949433132890836
25.810000000000283,0.002018561141809107
25.820000000000285,0.0019462487783175018
25.830000000000286,0.001877724382695469
25.840000000000288,0.0018127299074441282
25.85000000000029,0.0017510287463636896
25.86000000000029,0.0016924036477662392
25.870000000000292,0.0016366548590288437
25.880000000000294,0.0015835984738664895
25.890000000000295,0.0015330649575941988
25.900000000000297,0.0014848978289639094
25.9100000000003,0.0014389524799952444
25.9200000000003,0.0013950951176455789
25.9300000000003,0.001353201813246801
25.940000000000303,0.0013131576474263913
25.950000000000305,0.0012748559397729377
25.960000000000306,0.0012381975538378602
25.970000000000308,0.0012030902692170078
25.98000000000031,0.0011694482134540548
25.99000000000031,0.0011371913473743522
26.000000000000313,0.0011062449982118174
26.010000000000314,0.0010765394355483494
26.020000000000316,0.0010480094856586898
26.030000000000317,0.0010205941803550262
26.04000000000032,0.000994236436864719
26.05000000000032,0.0009688827656597644
26.060000000000322,0.0009444830034950187
26.070000000000324,0.0009209900692100735
26.080000000000325,0.0008983597401121234
26.090000000000327,0.0008765504469888825
26.10000000000033,0.0008555230860053659
26.11000000000033,0.0008352408459196564
26.12000000000033,0.000815669049213442
26.130000000000333,0.0007967750058757567
26.140000000000335,0.0007785278787051263
26.150000000000336,0.0007608985591081459
26.160000000000338,0.0007438595524730647
26.17000000000034,0.0007273848722866518
26.18000000000034,0.0007114499422427769
26.190000000000342,0.000696031505662795
26.200000000000344,0.0006811075416120363
26.210000000000345,0.0006666571871542306
26.220000000000347,0.0006526606652373524
26.23000000000035,0.0006390992177507844
26.24000000000035,0.0006259550433354316
26.25000000000035,0.0006132112395660231
26.260000000000353,0.0006008517491587109
26.270000000000355,0.0005888613098876633
26.280000000000356,0.0005772254079219567
26.290000000000358,0.0005659302343190574
26.30000000000036,0.0005549626444337694
26.31000000000036,0.0005443101200220088
26.320000000000363,0.000533960733837331
26.330000000000364,0.0005239031165349773
26.340000000000366,0.0005141264257135277
26.350000000000367,0.0005046203169381485
26.36000000000037,0.0004953749166021044
26.37000000000037,0.00048638079649472447
26.380000000000372,0.00047762894995453985
26.390000000000374,0.00046911076949589204
26.400000000000375,0.00046081802580608025
26.410000000000377,0.0004527428480181141
26.42000000000038,0.0004448777051714578
26.43000000000038,0.00043721538877985615
26.44000000000038,0.000429748996431461
26.450000000000383,0.00042247191635210943
26.460000000000385,0.00041537781286775583
26.470000000000386,0.0004084606127068026
26.480000000000388,0.0004017144920874192
26.49000000000039,0.00039513386453894
26.50000000000039,0.00038871336941011107
26.510000000000392,0.0003824478610203391
26.520000000000394,0.0003763323984132167
26.530000000000395,0.0003703622356744711
26.540000000000397,0.000364532812779137
26.5500000000004,0.00035883974693519795
26.5600000000004,0.0003532788243932036
26.5700000000004,0.00034784599269345495
26.580000000000403,0.0003425373533242826
26.590000000000405,0.00033734915476672973
26.600000000000406,0.00033227778590259947
26.610000000000408,0.0003273197697643674
26.62000000000041,0.0003224717576068685
26.63000000000041,0.0003177305232819927
26.640000000000413,0.000313092957898839
26.650000000000414,0.0003085560647529137
26.660000000000416,0.00030411695450901203
26.670000000000417,0.0002997728406233991
26.68000000000042,0.00029552103499181633
26.69000000000042,0.00029135894381068745
26.700000000000422,0.0002872840636396845
26.710000000000424,0.0002832939776545486
26.720000000000425,0.000279386352079742
26.730000000000427,0.00027555893279114854
26.74000000000043,0.0002718095420796314
26.75000000000043,0.00026813607556681125
26.76000000000043,0.0002645364992649457
26.770000000000433,0.0002610088467732772
26.780000000000435,0.0002575512166036637
26.790000000000436,0.0002541617696287304
26.800000000000438,0.0002508387266461779
26.81000000000044,0.0002475803660532475
26.82000000000044,0.00024438502162569425
26.830000000000442,0.00024125108039593706
26.840000000000444,0.00023817698062536476
26.850000000000446,0.00023516120986605661
26.860000000000447,0.00023220230310744237
26.87000000000045,0.00022929884100368077
26.88000000000045,0.00022644944817776553
26.89000000000045,0.00022365279159859144
26.900000000000453,0.0002209075790274167
26.910000000000455,0.00021821255753035607
26.920000000000456,0.00021556651205371788
26.930000000000458,0.00021296826405917254
26.94000000000046,0.0002104166702158993
26.95000000000046,0.00020791062114701258
26.960000000000463,0.00020544904022770996
26.970000000000464,0.00020303088243271887
26.980000000000466,0.00020065513323074718
26.990000000000467,0.0001983208075237609
