24.0,0.06285327882439343
24.01,0.06285883974693542
24.020000000000003,0.06286453281277937
24.030000000000005,0.0628703622356747
24.040000000000006,0.06287633239841346
24.050000000000008,0.06288244786102058
24.06000000000001,0.06288871336941036
24.07000000000001,0.0628951338645392
24.080000000000013,0.06290171449208769
24.090000000000014,0.06290846061270708
24.100000000000016,0.06291537781286803
24.110000000000017,0.06292247191635239
24.12000000000002,0.06292974899643175
24.13000000000002,0.06293721538878015
24.140000000000022,0.06294487770517176
24.150000000000023,0.06295274284801843
24.160000000000025,0.0629608180258064
24.170000000000027,0.06296911076949623
24.180000000000028,0.06297762894995489
24.19000000000003,0.06298638079649507
24.20000000000003,0.06299537491660247
24.210000000000033,0.06300462031693853
24.220000000000034,0.06301412642571391
24.230000000000036,0.06302390311653537
24.240000000000038,0.06303396073383774
24.25000000000004,0.06304431012002243
24.26000000000004,0.06305496264443419
24.270000000000042,0.0630659302343195
24.280000000000044,0.06307722540792242
24.290000000000045,0.06308886130988814
24.300000000000047,0.06310085174915919
24.31000000000005,0.06311321123956652
24.32000000000005,0.06312595504333594
24.33000000000005,0.06313909921775132
24.340000000000053,0.0631526606652379
24.350000000000055,0.06316665718715479
24.360000000000056,0.06318110754161262
24.370000000000058,0.0631960315056634
24.38000000000006,0.0632114499422434
24.39000000000006,0.0632273848722873
24.400000000000063,0.06324385955247373
24.410000000000064,0.06326089855910884
24.420000000000066,0.06327852787870585
24.430000000000067,0.0632967750058765
24.44000000000007,0.06331566904921421
24.45000000000007,0.06333524084592045
24.460000000000072,0.06335552308600619
24.470000000000073,0.06337655044698974
24.480000000000075,0.06339835974011301
24.490000000000077,0.063420990069211
24.500000000000078,0.06344448300349598
24.51000000000008,0.06346888276566075
24.52000000000008,0.06349423643686575
24.530000000000083,0.06352059418035609
24.540000000000084,0.0635480094856598
24.550000000000086,0.0635765394355495
24.560000000000088,0.06360624499821302
24.57000000000009,0.06363719134737561
24.58000000000009,0.06366944821345537
24.590000000000092,0.06370309026921837
24.600000000000094,0.06373819755383929
24.610000000000095,0.06377485593977443
24.620000000000097,0.06381315764742795
24.6300000000001,0.06385320181324843
24.6400000000001,0.06389509511764728
24.6500000000001,0.06393895247999704
24.660000000000103,0.06398489782896578
24.670000000000105,0.06403306495759616
24.680000000000106,0.06408359847386855
24.690000000000108,0.06413665485903101
24.70000000000011,0.06419240364776851
24.71000000000011,0.06425102874636608
24.720000000000113,0.06431272990744664
24.730000000000114,0.06437772438269812
24.740000000000116,0.0644462487783203
24.750000000000117,0.06451856114181206
24.76000000000012,0.06459494331329221
24.77000000000012,0.06467570357993531
24.780000000000122,0.06476117967846765
24.790000000000123,0.06485174219820185
24.800000000000125,0.06494779844602937
24.810000000000127,0.06504979684542579
24.820000000000128,0.06515823195420863
24.83000000000013,0.06527365020095312
24.84000000000013,0.06539665645815108
24.850000000000133,0.06552792159204383
24.860000000000134,0.06566819115538221
24.870000000000136,0.06581829542116006
24.880000000000138,0.06597916099386972
24.89000000000014,0.06615182428156785
24.90000000000014,0.06633744716892102
24.910000000000142,0.06653733530077906
24.920000000000144,0.06675295947063402
24.930000000000145,0.06698598071219707
24.940000000000147,0.06723827981976621
24.95000000000015,0.06751199217961844
24.96000000000015,0.06780954898715122
24.97000000000015,0.06813372616120404
24.980000000000153,0.0684877025578454
24.990000000000155,0.06887512944258968
25.000000000000156,0.06930021361577877
25.010000000000158,0.06976781711497794
25.02000000000016,0.07028357705442216
25.03000000000016,0.07085404991484917
25.040000000000163,0.0714868854676657
25.050000000000164,0.07219103648420895
25.060000000000166,0.07297701138069199
25.070000000000167,0.07385717783999213
25.08000000000017,0.07484612594651038
25.09000000000017,0.07596109892711814
25.100000000000172,0.07722249721763787
25.110000000000174,0.07865445550369893
25.120000000000175,0.08028547953805726
25.130000000000177,0.08214910466002587
25.140000000000178,0.08428449229596757
25.15000000000018,0.08673680025608897
25.16000000000018,0.08955702596994514
25.170000000000183,0.09280079928118375
25.180000000000184,0.09652525952575036
25.190000000000186,0.10078267286790772
25.200000000000188,0.10560888592440001
25.21000000000019,0.11100432846517637
25.22000000000019,0.11690575808010073
25.230000000000192,0.12314963381923005
25.240000000000194,0.12943471079407748
25.250000000000195,0.13530264310062726
25.260000000000197,0.1401660055549718
25.2700000000002,0.14340893286837014
25.2800000000002,0.1445509392936914
25.2900000000002,0.14340893286828055
25.300000000000203,0.14016600555480663
25.310000000000205,0.13530264310040957
25.320000000000206,0.12943471079383212
25.330000000000208,0.12314963381897825
25.34000000000021,0.11690575807985762
25.35000000000021,0.11100432846495092
25.360000000000213,0.10560888592419648
25.370000000000214,0.10078267286772714
25.380000000000216,0.09652525952559188
25.390000000000217,0.09280079928104548
25.40000000000022,0.08955702596982487
25.41000000000022,0.08673680025598443
25.420000000000222,0.08428449229587662
25.430000000000224,0.0821491046599466
25.440000000000225,0.08028547953798797
25.450000000000227,0.0786544555036382
25.46000000000023,0.07722249721758447
25.47000000000023,0.07596109892707101
25.48000000000023,0.07484612594646865
25.490000000000233,0.07385717783995505
25.500000000000234,0.07297701138065893
25.510000000000236,0.07219103648417938
25.520000000000238,0.07148688546763916
25.53000000000024,0.07085404991482529
25.54000000000024,0.0702835770544006
25.550000000000242,0.06976781711495841
25.560000000000244,0.06930021361576105
25.570000000000245,0.06887512944257354
25.580000000000247,0.06848770255783068
25.59000000000025,0.06813372616119058
25.60000000000025,0.06780954898713887
25.61000000000025,0.06751199217960709
25.620000000000253,0.06723827981975576
25.630000000000255,0.06698598071218742
25.640000000000256,0.06675295947062511
25.650000000000258,0.0665373353007708
25.66000000000026,0.06633744716891336
25.67000000000026,0.06615182428156073
25.680000000000263,0.06597916099386308
25.690000000000264,0.06581829542115389
25.700000000000266,0.06566819115537643
25.710000000000267,0.06552792159203844
25.72000000000027,0.06539665645814603
25.73000000000027,0.06527365020094839
25.740000000000272,0.06515823195420417
25.750000000000274,0.06504979684542161
25.760000000000275,0.06494779844602543
25.770000000000277,0.06485174219819814
25.78000000000028,0.06476117967846415
25.79000000000028,0.064675703579932
25.80000000000028,0.06459494331328908
25.810000000000283,0.06451856114180911
25.820000000000285,0.0644462487783175
25.830000000000286,0.06437772438269547
25.840000000000288,0.06431272990744413
25.85000000000029,0.0642510287463637
25.86000000000029,0.06419240364776624
25.870000000000292,0.06413665485902885
25.880000000000294,0.0640835984738665
25.890000000000295,0.0640330649575942
25.900000000000297,0.06398489782896391
25.9100000000003,0.06393895247999525
25.9200000000003,0.06389509511764557
25.9300000000003,0.0638532018132468
25.940000000000303,0.06381315764742639
25.950000000000305,0.06377485593977293
25.960000000000306,0.06373819755383786
25.970000000000308,0.06370309026921701
25.98000000000031,0.06366944821345405
25.99000000000031,0.06363719134737435
26.000000000000313,0.06360624499821181
26.010000000000314,0.06357653943554835
26.020000000000316,0.0635480094856587
26.030000000000317,0.06352059418035502
26.04000000000032,0.06349423643686472
26.05000000000032,0.06346888276565976
26.060000000000322,0.06344448300349502
26.070000000000324,0.06342099006921008
26.080000000000325,0.06339835974011213
26.090000000000327,0.06337655044698888
26.10000000000033,0.06335552308600537
26.11000000000033,0.06333524084591965
26.12000000000033,0.06331566904921344
26.130000000000333,0.06329677500587576
26.140000000000335,0.06327852787870512
26.150000000000336,0.06326089855910814
26.160000000000338,0.06324385955247307
26.17000000000034,0.06322738487228666
26.18000000000034,0.06321144994224277
26.190000000000342,0.06319603150566279
26.200000000000344,0.06318110754161203
26.210000000000345,0.06316665718715422
26.220000000000347,0.06315266066523735
26.23000000000035,0.06313909921775078
26.24000000000035,0.06312595504333543
26.25000000000035,0.06311321123956602
26.260000000000353,0.0631008517491587
26.270000000000355,0.06308886130988767
26.280000000000356,0.06307722540792196
26.290000000000358,0.06306593023431906
26.30000000000036,0.06305496264443378
26.31000000000036,0.06304431012002201
26.320000000000363,0.06303396073383732
26.330000000000364,0.06302390311653498
26.340000000000366,0.06301412642571352
26.350000000000367,0.06300462031693815
26.36000000000037,0.0629953749166021
26.37000000000037,0.06298638079649473
26.380000000000372,0.06297762894995454
26.390000000000374,0.06296911076949589
26.400000000000375,0.06296081802580608
26.410000000000377,0.06295274284801812
26.42000000000038,0.06294487770517146
26.43000000000038,0.06293721538877986
26.44000000000038,0.06292974899643146
26.450000000000383,0.06292247191635211
26.460000000000385,0.06291537781286775
26.470000000000386,0.0629084606127068
26.480000000000388,0.06290171449208742
26.49000000000039,0.06289513386453895
26.50000000000039,0.06288871336941011
26.510000000000392,0.06288244786102033
26.520000000000394,0.06287633239841321
26.530000000000395,0.06287036223567447
26.540000000000397,0.06286453281277914
26.5500000000004,0.0628588397469352
26.5600000000004,0.0628532788243932
26.5700000000004,0.06284784599269345
26.580000000000403,0.06284253735332428
26.590000000000405,0.06283734915476673
26.600000000000406,0.0628322777859026
26.610000000000408,0.06282731976976437
26.62000000000041,0.06282247175760687
26.63000000000041,0.06281773052328199
26.640000000000413,0.06281309295789884
26.650000000000414,0.06280855606475291
26.660000000000416,0.062804116954509
26.670000000000417,0.0627997728406234
26.68000000000042,0.06279552103499182
26.69000000000042,0.06279135894381069
26.700000000000422,0.06278728406363969
26.710000000000424,0.06278329397765454
26.720000000000425,0.06277938635207975
26.730000000000427,0.06277555893279115
26.74000000000043,0.06277180954207963
26.75000000000043,0.0627681360755668
26.76000000000043,0.06276453649926494
26.770000000000433,0.06276100884677328
26.780000000000435,0.06275755121660366
26.790000000000436,0.06275416176962872
26.800000000000438,0.06275083872664618
26.81000000000044,0.06274758036605325
26.82000000000044,0.0627443850216257
26.830000000000442,0.06274125108039594
26.840000000000444,0.06273817698062537
26.850000000000446,0.06273516120986605
26.860000000000447,0.06273220230310744
26.87000000000045,0.06272929884100369
26.88000000000045,0.06272644944817776
26.89000000000045,0.0627236527915986
26.900000000000453,0.06272090757902742
26.910000000000455,0.06271821255753035
26.920000000000456,0.06271556651205372
26.930000000000458,0.06271296826405917
26.94000000000046,0.0627104166702159
26.95000000000046,0.06270791062114701
26.960000000000463,0.0627054490402277
26.970000000000464,0.06270303088243272
26.980000000000466,0.06270065513323075
26.990000000000467,0.06269832080752376
