0,7.941305220775078e-61
1,3.6710735232038947e-60
2,1.683464574146829e-59
3,7.658162651162545e-59
4,3.4558500918665755e-58
5,1.547016371388903e-57
6,6.869808468201635e-57
7,3.026244780123087e-56
8,1.3224314915893505e-55
9,5.732604986306928e-55
10,2.4651341408755488e-54
11,1.0515714847356948e-53
12,4.44986412693645e-53
13,1.8679463769323603e-52
14,7.778426713831958e-52
15,3.2131339339820485e-51
16,1.316665931001595e-50
17,5.352196784374723e-50
18,2.158232620167612e-49
19,8.63324641288967e-49
20,3.425782026010276e-48
21,1.3485126382678706e-47
22,5.265747383416639e-47
23,2.0397395895270417e-46
24,7.83788947222073e-46
25,2.987674287870694e-45
26,1.1297362629196286e-44
27,4.237703761574608e-44
28,1.5768624943486925e-43
29,5.82058664266428e-43
30,2.1313236205628546e-42
31,7.741796348748447e-42
32,2.7896119360373227e-41
33,9.971386434994517e-41
34,3.53571301529704e-40
35,1.2436786302289805e-39
36,4.3395934186031076e-39
37,1.5021026653604202e-38
38,5.15774535504637e-38
39,1.7568305767517498e-37
40,5.93621430881515e-37
41,1.9897520753581982e-36
42,6.616039147518255e-36
43,2.1822619043154634e-35
44,7.140446692443388e-35
45,2.3176806570692903e-34
46,7.46262323981208e-34
47,2.3836316385191294e-33
48,7.552599775442595e-33
49,2.3739059359471182e-32
50,7.401849432486105e-32
51,2.289426426903853e-31
52,7.024620094538497e-31
53,2.1381033640850556e-30
54,6.455713626740023e-30
55,1.9336128437730446e-29
56,5.745191276084001e-29
57,1.6933594960334583e-28
58,4.9511210868286555e-28
59,1.4360436237803518e-27
60,4.131820282970511e-27
61,1.1793016835251052e-26
62,3.339013068309409e-26
63,9.378233121646154e-26
64,2.6129652523006037e-25
65,7.221974485505951e-25
66,1.9801038588516153e-24
67,5.3855454517427346e-24
68,1.453051897397589e-23
69,3.889038668207701e-23
70,1.0325547805147683e-22
71,2.7195287047197356e-22
72,7.10532418411401e-22
73,1.8415514340982162e-21
74,4.734711416052267e-21
75,1.2075715679993664e-20
76,3.0552162102365046e-20
77,7.66797565158897e-20
78,1.9091023214491133e-19
79,4.715061821024664e-19
80,1.1551949505968395e-18
81,2.807584767718629e-18
82,6.768932419449982e-18
83,1.6188894162325848e-17
84,3.8408194696246276e-17
85,9.03941468386627e-17
86,2.1104080308105646e-16
87,4.887674282481875e-16
88,1.122917337574236e-15
89,2.559192904880407e-15
90,5.785860572251025e-15
91,1.2976052966036631e-14
92,2.88686822508101e-14
93,6.37119674111285e-14
94,1.3948412327922907e-13
95,3.029271806551873e-13
96,6.526215550733148e-13
97,1.3947433186264858e-12
98,2.956901588195006e-12
99,6.2185503703079284e-12
100,1.2973320504050295e-11
101,2.6848674104568273e-11
102,5.51193699078363e-11
103,1.122523263766599e-10
104,2.2677551470606847e-10
105,4.54471524726038e-10
106,9.034973818125967e-10
107,1.7817912605228488e-09
108,3.485751761553739e-09
109,6.764657169640162e-09
110,1.302281384936946e-08
111,2.4869873648347628e-08
112,4.711422265063526e-08
113,8.854013628697578e-08
114,1.6505855824668284e-07
115,3.0524292989541196e-07
116,5.599675812743711e-07
117,1.0190367840028006e-06
118,1.8396133060279397e-06
119,3.294374202699515e-06
120,5.852332865928189e-06
121,1.0313232677978773e-05
122,1.802894514481107e-05
123,3.12647905557832e-05
124,5.378367018049181e-05
125,9.178147891245424e-05
126,0.0001553707895702904
127,0.0002609116066760427
128,0.0004346374365179199
129,0.0007182416189956031
130,0.0011773991242711012
131,0.0019146374743875874
132,0.0030885817889301703
133,0.004942439511967046
134,0.007845729386141257
135,0.012354779276817223
136,0.019299513544986033
137,0.029906627338448833
138,0.04597251050019294
139,0.07010333956498606
140,0.10604468316772103
141,0.15912880284964295
142,0.2368745472263037
143,0.3497821990955551
144,0.5123735656364463
145,0.7445355380324737
146,1.0732325946815287
147,1.5346593182521917
148,2.176906682178654
149,3.063214077675245
150,4.2758709670553
151,5.9208156323047625
152,8.132951635323739
153,11.082163329021233
154,14.979958436425166
155,20.086597411314834
156,26.718486115881877
157,35.25551183147955
158,46.14789607990372
159,59.922026582315425
160,77.18462258183973
161,98.62449259568905
162,125.01107329072023
163,157.1889058202787
164,196.06722532619767
165,242.6039233624425
166,297.7833024703932
167,362.5872838752675
168,437.96005455177476
169,524.7665429069898
170,623.7455790018239
171,735.4591027635545
172,860.239300709815
173,998.1360396938733
174,1148.867381402956
175,1311.7762582174664
176,1485.7965260766907
177,1669.4315462553272
178,1860.7481595909803
179,2057.3883931014343
180,2256.600487909475
181,2455.2898869846135
182,2650.089719640051
183,2837.4491333507194
184,3013.736632676507
185,3175.3544783716357
186,3318.8592664112048
187,3441.0831287050796
188,3539.249641551539
189,3611.0785390699157
190,3654.87372413867
191,3669.5898356027333
192,3654.87372413867
193,3611.0785390699157
194,3539.249641551539
195,3441.0831287050796
196,3318.8592664112048
197,3175.3544783716357
198,3013.736632676507
199,2837.4491333507194
200,2650.089719640051
201,2455.2898869846135
202,2256.600487909475
203,2057.3883931014343
204,1860.7481595909803
205,1669.4315462553272
206,1485.7965260766907
207,1311.7762582174664
208,1148.867381402956
209,998.1360396938733
210,860.239300709815
211,735.4591027635545
212,623.7455790018239
213,524.7665429069898
214,437.96005455177476
215,362.5872838752675
216,297.7833024703932
217,242.6039233624425
218,196.06722532619767
219,157.1889058202787
220,125.01107329072023
221,98.62449259568905
222,77.18462258183973
223,59.922026582315425
224,46.14789607990372
225,35.25551183147955
226,26.718486115881877
227,20.086597411314834
228,14.979958436425166
229,11.082163329021233
230,8.132951635323739
231,5.9208156323047625
232,4.2758709670553
233,3.063214077675245
234,2.176906682178654
235,1.5346593182521917
236,1.0732325946815287
237,0.7445355380324737
238,0.5123735656364463
239,0.3497821990955551
240,0.2368745472263037
241,0.15912880284964295
242,0.10604468316772103
243,0.07010333956498606
244,0.04597251050019294
245,0.029906627338448833
246,0.019299513544986033
247,0.012354779276817223
248,0.007845729386141257
249,0.004942439511967046
250,0.0030885817889301703
251,0.0019146374743875874
252,0.0011773991242711012
253,0.0007182416189956031
254,0.0004346374365179199
