300.0,0.220551903410752
300.5,0.2261803489659905
301.0,0.23200479848440853
301.5,0.23803315686989573
302.0,0.2442736309562304
302.5,0.2507347330747849
303.0,0.2574252830545022
303.5,0.26435440832241597
304.0,0.27153154172280564
304.5,0.2789664166166386
305.0,0.2866690587597218
305.5,0.2946497743874401
306.0,0.30291913385563335
306.5,0.31148795010066305
307.0,0.32036725108679653
307.5,0.3295682453056111
308.0,0.33910227928040304
308.5,0.34898078590913684
309.0,0.35921522235332826
309.5,0.36981699604910323
310.0,0.38079737728298424
310.5,0.3921673966422144
311.0,0.40393772552238466
311.5,0.4161185377600591
312.0,0.4287193503631088
312.5,0.44174884124689223
313.0,0.4552146418630642
313.5,0.46912310264539886
314.0,0.48347902931244124
314.5,0.4982853882823557
315.0,0.5135429797967843
315.5,0.529250077846946
316.0,0.5454020366785155
316.5,0.5619908645558445
317.0,0.5790047666249686
317.5,0.5964276601607651
318.0,0.6142386672435423
318.5,0.6324115920016469
319.0,0.6509143919817653
319.5,0.6697086559482063
320.0,0.6887491034181157
320.5,0.7079831244254586
321.0,0.7273503812415205
321.5,0.7467824968803096
322.0,0.7662028579440405
322.5,0.7855265614214709
323.0,0.8046605360961127
323.5,0.8235038688750427
324.0,0.8419483642281712
324.5,0.8598793606790315
325.0,0.8771768216369763
325.5,0.893716708667592
326.0,0.909372633617254
326.5,0.9240177721396564
327.0,0.937527005701233
327.5,0.9497792429465554
328.0,0.9606598555280481
328.5,0.9700631494847649
329.0,0.9778947824081028
329.5,0.9840740302976657
330.0,0.9885358072778585
330.5,0.9912323468863813
331.0,0.992134465576708
331.5,0.9912323468863813
332.0,0.9885358072778585
332.5,0.9840740302976657
333.0,0.9778947824081028
333.5,0.9700631494847649
334.0,0.9606598555280481
334.5,0.9497792429465554
335.0,0.937527005701233
335.5,0.9240177721396564
336.0,0.909372633617254
336.5,0.893716708667592
337.0,0.8771768216369763
337.5,0.8598793606790315
338.0,0.8419483642281712
338.5,0.8235038688750427
339.0,0.8046605360961127
339.5,0.7855265614214709
340.0,0.7662028579440405
340.5,0.7467824968803096
341.0,0.7273503812415205
341.5,0.7079831244254586
342.0,0.6887491034181157
342.5,0.6697086559482063
343.0,0.6509143919817653
343.5,0.6324115920016469
344.0,0.6142386672435423
344.5,0.5964276601607651
345.0,0.5790047666249686
345.5,0.5619908645558445
346.0,0.5454020366785155
346.5,0.529250077846946
347.0,0.5135429797967843
347.5,0.4982853882823557
348.0,0.48347902931244124
348.5,0.46912310264539886
349.0,0.4552146418630642
349.5,0.44174884124689223
350.0,0.4287193503631088
350.5,0.4161185377600591
351.0,0.40393772552238466
351.5,0.3921673966422144
352.0,0.38079737728298424
352.5,0.36981699604910323
353.0,0.35921522235332826
353.5,0.34898078590913684
354.0,0.33910227928040304
354.5,0.3295682453056111
355.0,0.32036725108679653
355.5,0.31148795010066305
356.0,0.30291913385563335
356.5,0.2946497743874401
357.0,0.2866690587597218
357.5,0.2789664166166386
358.0,0.27153154172280564
358.5,0.26435440832241597
359.0,0.2574252830545022
359.5,0.2507347330747849
360.0,0.2442736309562304
360.5,0.23803315686989573
361.0,0.23200479848440853
361.5,0.2261803489659905
362.0,0.220551903410752
362.5,0.21511185399651542
363.0,0.20985288410214384
363.5,0.20476796160775065
364.0,0.19985033155877097
364.5,0.19509350835024208
365.0,0.1904912675643601
365.5,0.1860376375740754
366.0,0.18172689100782452
366.5,0.17755353615515804
367.0,0.17351230837973894
367.5,0.16959816159470414
368.0,0.1658062598454834
368.5,0.1621319690366553
369.0,0.15857084883211808
369.5,0.15511864475160506
370.0,0.15177128048124836
370.5,0.14852485041136618
371.0,0.14537561241081676
371.5,0.14231998084402847
372.0,0.13935451983410446
372.5,0.13647593677313766
373.0,0.13368107607899463
373.5,0.13096691319628592
374.0,0.12833054883798153
374.5,0.1257692034631194
375.0,0.12328021198525055
375.5,0.1208610187056403
376.0,0.11850917246477055
376.5,0.11622232200534366
377.0,0.11399821153975036
377.5,0.11183467651481752
378.0,0.10972963956658202
378.5,0.10768110665782715
379.0,0.105687163391164
379.5,0.1037459714905263
380.0,0.10185576544406734
380.5,0.10001484930159768
381.0,0.09822159361987061
381.5,0.09647443254920983
382.0,0.09477186105517228
382.5,0.09311243226914627
383.0,0.0914947549619985
383.5,0.08991749113509974
384.0,0.08837935372327568
384.5,0.08687910440444746
385.0,0.08541555151093944
385.5,0.08398754803764409
386.0,0.08259398974244095
386.5,0.08123381333446837
387.0,0.07990599474604422
387.5,0.078609547484222
388.0,0.07734352105815434
388.5,0.07610699947861325
389.0,0.07489909982618917
389.5,0.0737189708848551
390.0,0.07256579183774194
390.5,0.07143877102212182
391.0,0.0703371447407431
391.5,0.06926017612679919
392.0,0.06820715405994675
392.5,0.06717739213091575
393.0,0.06617022765237553
393.5,0.06518502071383575
394.0,0.06422115327847217
394.5,0.06327802831987106
395.0,0.06235506899678669
395.5,0.061451717864100475
396.0,0.06056743611826109
396.5,0.059701702875570264
397.0,0.058854014481760974
397.5,0.058023883851391296
398.0,0.05721083983565168
398.5,0.05641442661725248
399.0,0.05563420313112515
399.5,0.054869742509733546
400.0,0.05412063155185103
400.5,0.05338647021371634
401.0,0.05266687112153433
401.5,0.051961459104339316
402.0,0.051269870746286555
402.5,0.050591753957483845
403.0,0.04992676756251843
403.5,0.049274580905876005
404.0,0.04863487347348756
404.5,0.04800733452967739
405.0,0.04739166276882049
405.5,0.046787565981051334
406.0,0.04619476073139792
406.5,0.045612972051744666
407.0,0.04504193314505708
407.5,0.04448138510132761
408.0,0.043931076624728393
408.5,0.04339076377148084
409.0,0.04286020969797534
409.5,0.04233918441869649
410.0,0.04182746457353016
410.5,0.04132483320404853
411.0,0.040831079538388444
411.5,0.040345998784356
412.0,0.039869391930407734
412.5,0.03940106555417479
413.0,0.03894083163821174
413.5,0.03848850739266681
414.0,0.038043915084583664
414.5,0.037606881873558644
415.0,0.037177239653489506
415.5,0.03675482490016399
416.0,0.03633947852444783
416.5,0.03593104573084258
417.0,0.03552937588119417
417.5,0.0351343223633425
418.0,0.03474574246451231
418.5,0.03436349724925382
419.0,0.033987451441750575
419.5,0.03361747331231972
420.0,0.03325343456793777
420.5,0.03289521024663207
421.0,0.03254267861558527
421.5,0.03219572107280674
422.0,0.03185422205223102
422.5,0.03151806893210964
423.0,0.03118715194656827
423.5,0.030861364100206713
424.0,0.03054060108562429
424.5,0.030224761203758423
425.0,0.029913745286928764
425.5,0.029607456624483868
426.0,0.02930580089095158
426.5,0.02900868607659874
427.0,0.028716022420309316
427.5,0.028427722344694314
428.0,0.028143700393349933
428.5,0.027863873170184305
429.0,0.027588159280736133
429.5,0.027316479275411757
430.0,0.02704875559457022
430.5,0.026784912515388754
431.0,0.026524876100443726
431.5,0.026268574147944874
432.0,0.026015936143563016
432.5,0.025766893213793902
433.0,0.02552137808080304
433.5,0.025279325018698697
434.0,0.025040669811182175
434.5,0.02480534971052658
435.0,0.02457330339783722
435.5,0.02434447094454847
436.0,0.024118793775113907
436.5,0.023896214630847977
437.0,0.02367667753487929
437.5,0.02346012775817689
438.0,0.023246511786612696
438.5,0.02303577728902434
439.0,0.022827873086244278
439.5,0.02262274912106217
440.0,0.02242035642908891
440.5,0.02222064711049167
441.0,0.022023574302570802
441.5,0.021829092153150077
442.0,0.021637155794753324
442.5,0.021447721319541077
443.0,0.021260745754982057
443.5,0.02107618704023524
444.0,0.020894004003219006
444.5,0.02071415633834492
445.0,0.020536604584894296
445.5,0.02036131010601673
446.0,0.020188235068330306
446.5,0.020017342422104067
447.0,0.01984859588200402
447.5,0.01968195990838449
448.0,0.019517399689107526
448.5,0.01935488112187338
449.0,0.01919437079704593
449.5,0.01903583598095739
450.0,0.018879244599677145
450.5,0.018724565223230155
451.0,0.01857176705025093
451.5,0.0184208198930594
452.0,0.018271694163145585
452.5,0.01812436085705052
453.0,0.01797879154263105
453.5,0.017834958345696827
454.0,0.017692833937008063
454.5,0.017552391519623005
455.0,0.01741360481658455
455.5,0.01727644805893568
456.0,0.01714089597405381
456.5,0.017006923774294462
457.0,0.016874507145934966
457.5,0.016743622238409247
458.0,0.01661424565382498
458.5,0.01648635443675485
459.0,0.016359926064293664
459.5,0.01623493843637359
460.0,0.016111369866329908
460.5,0.015989199071709915
461.0,0.015868405165317956
461.5,0.015748967646489635
462.0,0.015630866392588663
462.5,0.015514081650719819
463.0,0.015398594029651883
463.5,0.015284384491944464
464.0,0.015171434346272957
464.5,0.015059725239945917
465.0,0.01494923915160942
465.5,0.01483995838413319
466.0,0.014731865557673175
466.5,0.014624943602905865
467.0,0.014519175754429329
467.5,0.014414545544326448
468.0,0.014311036795885735
468.5,0.01420863361747549
469.0,0.0141073203965669
469.5,0.014007081793902134
470.0,0.013907902737803315
470.5,0.013809768418618617
471.0,0.0137126642833017
471.5,0.01361657603012081
472.0,0.013521489603494165
472.5,0.013427391188948022
473.0,0.01333426720819433
473.5,0.013242104314324548
474.0,0.013150889387116728
474.5,0.013060609528452624
