300.0,0.0017505602207176277
300.5,0.0018143170612848908
301.0,0.0018801518276054553
301.5,0.0019481225136624126
302.0,0.002018288366900367
302.5,0.002090709902215571
303.0,0.002165448915613308
303.5,0.0022425684975097213
304.0,0.0023221330456547756
304.5,0.0024042082776525703
305.0,0.0024888612430547523
305.5,0.00257616033500226
306.0,0.0026661753013902563
306.5,0.0027589772555305573
307.0,0.0028546386862855475
307.5,0.002953233467647009
308.0,0.0030548368677330343
308.5,0.0031595255571756457
309.0,0.00326737761687148
309.5,0.0033784725450674686
310.0,0.0034928912637531063
310.5,0.003610716124330605
311.0,0.0037320309125338253
311.5,0.003856920852566744
312.0,0.0039854726104317645
312.5,0.004117774296418066
313.0,0.004253915466719905
313.5,0.0043939871241545836
314.0,0.004538081717949642
314.5,0.004686293142568637
315.0,0.004838716735544861
315.5,0.004995449274292074
316.0,0.0051565889718614725
316.5,0.005322235471613907
317.0,0.005492489840776472
317.5,0.005667454562852557
318.0,0.00584723352885457
318.5,0.006031932027328569
319.0,0.006221656733140261
319.5,0.006416515694991911
320.0,0.006616618321639978
320.5,0.006822075366783521
321.0,0.007032998912593673
321.5,0.007249502351854888
322.0,0.007471700368688913
322.5,0.007699708917832998
323.0,0.007933645202444136
323.5,0.008173627650401805
324.0,0.008419775889082083
324.5,0.00867221071857663
325.0,0.008931054083330732
325.5,0.009196429042175144
326.0,0.009468459736727388
326.5,0.009747271358138663
327.0,0.010032990112163685
327.5,0.010325743182531284
328.0,0.010625658692594797
328.5,0.010932865665242115
329.0,0.011247493981046259
329.5,0.01156967433463849
330.0,0.011899538189287013
330.5,0.012237217729665564
331.0,0.012582845812797307
331.5,0.012936555917160803
332.0,0.013298482089946112
332.5,0.013668758892450391
333.0,0.01404752134360393
333.5,0.01443490486161882
334.0,0.0148310452037541
334.5,0.015236078404192829
335.0,0.01565014071002798
335.5,0.016073368515355856
336.0,0.016505898293477397
336.5,0.01694786652720947
337.0,0.01739940963731
337.5,0.017860663909022856
338.0,0.01833176541674987
338.5,0.018812849946859844
339.0,0.01930405291864584
339.5,0.019805509303444453
340.0,0.02031735354193258
340.5,0.02083971945961938
341.0,0.02137274018055325
341.5,0.02191654803926581
342.0,0.022471274490976877
342.5,0.023037050020087036
343.0,0.023614004046986194
343.5,0.024202264833209242
344.0,0.02480195938497174
344.5,0.02541321335512139
345.0,0.026036150943543012
345.5,0.026670894796057335
346.0,0.027317565901856095
346.5,0.02797628348951853
347.0,0.028647164921656715
347.5,0.02933032558823936
348.0,0.030025878798646533
348.5,0.030733935672509784
349.0,0.031454605029394934
349.5,0.032187993277386834
350.0,0.03293420430063812
350.5,0.03369333934594635
351.0,0.03446549690842614
351.5,0.03525077261634542
352.0,0.03604925911519738
352.5,0.03686104595108184
353.0,0.03768621945347214
353.5,0.0385248626174462
354.0,0.03937705498546216
354.5,0.04024287252876176
355.0,0.04112238752848649
355.5,0.04201566845659373
356.0,0.04292277985666243
356.5,0.04384378222467961
357.0,0.04477873188990118
357.5,0.0457276808958826
358.0,0.046690676881776465
358.5,0.04766776296399639
359.0,0.04865897761834802
359.5,0.049664354562729655
360.0,0.050683922640507
360.5,0.05171770570466761
361.0,0.05276572250286241
361.5,0.053827986563443016
362.0,0.05490450608260468
362.5,0.0559952838127463
363.0,0.05710031695215958
363.5,0.05821959703616092
364.0,0.05935310982978017
364.5,0.060500835222121525
365.0,0.061662747122512414
365.5,0.06283881335855662
366.0,0.06402899557620918
366.5,0.06523324914198983
367.0,0.06645152304745312
367.5,0.067683759816033
368.0,0.06892989541237955
368.5,0.07018985915430592
369.0,0.07146357362746299
369.5,0.07275095460285909
370.0,0.07405191095734155
370.5,0.07536634459715642
371.0,0.0766941503847018
371.5,0.07803521606858953
372.0,0.07938942221712886
372.5,0.08075664215534474
373.0,0.08213674190564184
373.5,0.08352958013222436
374.0,0.08493500808938007
374.5,0.0863528695737348
375.0,0.08778300088058276
375.5,0.08922523076439526
376.0,0.09067938040360847
376.5,0.09214526336978916
377.0,0.09362268560127421
377.5,0.09511144538137754
378.0,0.09661133332125563
378.5,0.09812213234751939
379.0,0.0996436176946781
379.5,0.10117555690249687
380.0,0.10271770981834723
380.5,0.10426982860462596
381.0,0.10583165775131435
381.5,0.10740293409374649
382.0,0.10898338683565124
382.5,0.11057273757752885
383.0,0.11217070035041911
383.5,0.11377698165511385
384.0,0.11539128050686255
384.5,0.11701328848561515
385.0,0.11864268979184216
385.5,0.1202791613079671
386.0,0.1219223726654425
386.5,0.12357198631749455
387.0,0.12522765761755872
387.5,0.12688903490342124
388.0,0.12855575958707893
388.5,0.13022746625032247
389.0,0.13190378274604467
389.5,0.13358433030526956
390.0,0.13526872364989234
390.5,0.13695657111111556
391.0,0.13864747475356146
391.5,0.14034103050503421
392.0,0.14203682829190153
392.5,0.14373445218005806
393.0,0.14543348052142946
393.5,0.14713348610596763
394.0,0.14883403631908546
394.5,0.15053469330447058
395.0,0.1522350141322142
395.5,0.15393455097218436
396.0,0.1556328512725678
396.5,0.1573294579434994
397.0,0.15902390954569115
397.5,0.1607157404839691
398.0,0.16240448120561946
398.5,0.16408965840344072
399.0,0.16577079522339289
399.5,0.16744741147672898
400.0,0.16911902385648986
400.5,0.17078514615823728
401.0,0.17244528950489507
401.5,0.17409896257556373
402.0,0.17574567183816833
402.5,0.1773849217857948
403.0,0.17901621517656505
403.5,0.18063905327689667
404.0,0.18225293610798854
404.5,0.18385736269536873
405.0,0.18545183132133744
405.5,0.18703583978013358
406.0,0.18860888563564876
406.5,0.19017046648150943
407.0,0.19172008020334413
407.5,0.1932572252430488
408.0,0.19478140086485984
408.5,0.1962921074230422
409.0,0.1977888466309953
409.5,0.19927112183157775
410.0,0.20073843826844961
410.5,0.20219030335822655
411.0,0.20362622696324015
411.5,0.20504572166469534
412.0,0.20644830303601397
412.5,0.20783348991615244
413.0,0.2092008046826797
413.5,0.21054977352439994
414.0,0.21187992671330466
414.5,0.21319079887563638
415.0,0.21448192926184692
415.5,0.21575286201523225
416.0,0.2170031464390256
416.5,0.218232337261731
417.0,0.21943999490047936
417.5,0.2206256857221902
418.0,0.22178898230232227
418.5,0.2229294636809975
419.0,0.22404671561628464
419.5,0.22514033083442894
420.0,0.22620990927681764
420.5,0.22725505834347126
421.0,0.22827539313285408
421.5,0.22927053667779887
422.0,0.23024012017734388
422.5,0.23118378322428249
423.0,0.23210117402822936
423.5,0.2329919496340101
424.0,0.23385577613518446
424.5,0.23469232888251737
425.0,0.23550129268721576
425.5,0.2362823620187529
426.0,0.23703524119710667
426.5,0.23775964457924267
427.0,0.23845529673967708
427.5,0.23912193264496007
428.0,0.2397592978219249
428.5,0.24036714851955288
429.0,0.24094525186431046
429.5,0.24149338600881995
430.0,0.2420113402737305
430.5,0.24249891528266299
431.0,0.24295592309010716
431.5,0.24338218730215685
432.0,0.2437775431899742
432.5,0.24414183779588078
433.0,0.24447493003198048
433.5,0.24477669077122396
434.0,0.24504700293083406
434.5,0.245285761548015
435.0,0.2454928738478782
435.5,0.24566825930352237
436.0,0.24581184968821354
436.5,0.24592358911961815
437.0,0.24600343409604827
437.5,0.24605135352468696
438.0,0.24606732874176726
438.5,0.24605135352468696
439.0,0.24600343409604827
439.5,0.24592358911961815
440.0,0.24581184968821354
440.5,0.24566825930352237
441.0,0.2454928738478782
441.5,0.245285761548015
442.0,0.24504700293083406
442.5,0.24477669077122396
443.0,0.24447493003198048
443.5,0.24414183779588078
444.0,0.2437775431899742
444.5,0.24338218730215685
445.0,0.24295592309010716
445.5,0.24249891528266299
446.0,0.2420113402737305
446.5,0.24149338600881995
447.0,0.24094525186431046
447.5,0.24036714851955288
448.0,0.2397592978219249
448.5,0.23912193264496007
449.0,0.23845529673967708
449.5,0.23775964457924267
450.0,0.23703524119710667
450.5,0.2362823620187529
451.0,0.23550129268721576
451.5,0.23469232888251737
452.0,0.23385577613518446
452.5,0.2329919496340101
453.0,0.23210117402822936
453.5,0.23118378322428249
454.0,0.23024012017734388
454.5,0.22927053667779887
455.0,0.22827539313285408
455.5,0.22725505834347126
456.0,0.22620990927681764
456.5,0.22514033083442894
457.0,0.22404671561628464
457.5,0.2229294636809975
458.0,0.22178898230232227
458.5,0.2206256857221902
459.0,0.21943999490047936
459.5,0.218232337261731
460.0,0.2170031464390256
460.5,0.21575286201523225
461.0,0.21448192926184692
461.5,0.21319079887563638
462.0,0.21187992671330466
462.5,0.21054977352439994
463.0,0.2092008046826797
463.5,0.20783348991615244
464.0,0.20644830303601397
464.5,0.20504572166469534
465.0,0.20362622696324015
465.5,0.20219030335822655
466.0,0.20073843826844961
466.5,0.19927112183157775
467.0,0.1977888466309953
467.5,0.1962921074230422
468.0,0.19478140086485984
468.5,0.1932572252430488
469.0,0.19172008020334413
469.5,0.19017046648150943
470.0,0.18860888563564876
470.5,0.18703583978013358
471.0,0.18545183132133744
471.5,0.18385736269536873
472.0,0.18225293610798854
472.5,0.18063905327689667
473.0,0.17901621517656505
473.5,0.1773849217857948
474.0,0.17574567183816833
474.5,0.17409896257556373
