0,0.013491482734561902
1,0.014839868396530724
2,0.016315524580330646
3,0.01792968497070611
4,0.019694497336760916
5,0.02162309056648197
6,0.02372964595461088
7,0.02602947295665015
8,0.028539089627638143
9,0.03127630796990691
10,0.03426032441929748
11,0.03751181570419547
12,0.04105304031620609
13,0.04490794583525789
14,0.04910228235533454
15,0.05366372225982739
16,0.058621986597597264
17,0.0640089783121667
18,0.06985892257694817
19,0.07620851448897499
20,0.08309707437215207
21,0.09056671093849891
22,0.09866249255212797
23,0.10743262683568792
24,0.11692864885263037
25,0.12720561809080297
26,0.13832232446346276
27,0.150341503532728
28,0.1633300611476409
29,0.17735930767431324
30,0.1925052019789546
31,0.20884860530585025
32,0.22647554517146276
33,0.24547748937267794
34,0.2659516301817135
35,0.2880011787722617
36,0.3117356698909654
37,0.3372712767552427
38,0.3647311361227084
39,0.3942456834389078
40,0.4259529979287494
41,0.4599991574527968
42,0.4965386029024532
43,0.5357345118580026
44,0.5777591811803997
45,0.622794418151686
46,0.6710319397198675
47,0.7226737793421387
48,0.7779327008553939
49,0.8370326187351963
50,0.9002090240337617
51,0.9677094152141646
52,1.0397937330220315
53,1.1167347984575047
54,1.1988187528294711
55,1.2863454987910194
56,1.3796291411701402
57,1.4789984263228941
58,1.5847971786479922
59,1.6973847328121539
60,1.8171363601450796
61,1.94444368757166
62,2.079715107357529
63,2.2233761758525645
64,2.3758699993259675
65,2.53765760489632
66,2.709218294471176
67,2.8910499795237246
68,3.083669494449152
69,3.2876128861614107
70,3.50343567751233
71,3.731713102040323
72,3.973040307485468
73,4.228032525442632
74,4.49732520446458
75,4.781574103873877
76,5.081455345495892
77,5.3976654204865975
78,5.730921148398188
79,6.081959585604054
80,6.451537880192371
81,6.84043307043577
82,7.249441823953422
83,7.6793801147020995
84,8.131082834965403
85,8.6054033395552
86,9.103212919497688
87,9.625400202548562
88,10.172870477967997
89,10.746544943087295
90,11.347359869315131
91,11.976265685363202
92,12.634225975618598
93,13.322216391754056
94,14.041223475847252
95,14.792243393477058
96,15.576280575477687
97,16.394346267261533
98,17.247456984867803
99,18.13663287715641
100,19.06289599384564
101,20.027268459386296
102,21.030770552974968
103,22.074418695333694
104,23.159223343222134
105,24.286186793000798
106,25.45630089492877
107,26.670544680256445
108,27.929881903561075
109,29.23525850317054
110,30.587599982926104
111,31.987808718948017
112,33.43676119548614
113,34.935305174360806
114,36.484256802924314
115,38.08439766589981
116,39.73647178688026
117,41.44118258569263
118,43.19918979825113
119,45.01110636593544
120,46.87749530193277
121,48.798866542375876
122,50.77567379048923
123,52.80831136232037
124,54.897111042982665
125,57.04233896266401
126,59.24419250196423
127,61.502797236408504
128,63.818203930242426
129,66.19038558984577
130,68.6192345873032
131,71.10455986483959
132,73.64608423096392
133,76.24344175926568
134,78.89617530087125
135,81.6037341215921
136,84.36547167478048
137,87.18064352085092
138,90.04840540432484
139,92.96781149911168
140,95.93781283254971
141,98.95725589849555
142,102.02488146946929
143,105.13932361753588
144,108.2991089532277
145,111.50265609139431
146,114.7482753523975
147,118.03416870655789
148,121.35842996920215
149,124.71904525305891
150,128.1138936841078
151,131.5407483863009
152,134.99727773985254
153,138.48104691703057
154,141.9895196985863
155,145.52006057312863
156,149.06993712088934
157,152.63632268243714
158,156.21629931198532
159,159.80686101400534
160,163.4049172609052
161,167.00729678856516
162,170.61075166554818
163,174.21196163081507
164,177.80753869379004
165,181.39403198963552
166,184.96793288161368
167,188.525680301442
168,192.06366631759138
169,195.57824192053658
170,199.0657230130508
171,202.5223965927455
172,205.9445271131959
173,209.32836300916745
174,212.6701433706725
175,215.96610474984178
176,219.21248808389893
177,222.40554571688037
178,225.5415485021491
179,228.61679296721599
180,231.62760852190797
181,234.57036469050882
182,237.44147834815396
183,240.2374209414811
184,242.95472567333238
185,245.58999463116626
186,248.13990583877703
187,250.60122021092954
188,252.9707883906076
189,255.2455574487346
190,257.4225774264679
191,259.49900770048083
192,261.4721231520387
193,263.33932012113917
194,265.0981221275254
195,266.7461853409892
196,268.28130378406064
197,269.7014142509254
198,271.0046009272223
199,272.18909969624445
200,273.2533021179971
201,274.1957590685519
202,275.0151840281705
203,275.71045600775483
204,276.28062210430676
205,276.72489967724164
206,277.04267813859906
207,277.23352035141875
208,277.2971636317986
209,273.65491283887036
210,263.01269726031126
211,246.18740170594688
212,224.42466122612956
213,199.24662590260422
214,172.27688753592744
215,145.07036442991782
216,118.97234752114767
217,95.02305827065597
218,73.91415572140984
219,55.994050049054096
220,41.31157812524004
221,29.68365216708625
222,20.77201014596507
223,14.15648268461872
224,9.39610458179762
225,6.073736765183529
226,3.823664098566563
227,2.344332157370174
228,1.3998264656586112
229,0.8140384138717229
230,0.4610321824720876
231,0.25429231144286146
232,0.13660005060606567
233,0.07146347572772184
234,0.03641103745819698
235,0.01806748138125177
236,0.008731278119136293
237,0.004109355107986121
238,0.0018835847526313938
239,0.000840837948783309
240,0.0003655569842099598
241,0.0001547795256637507
242,6.382452345565381e-05
243,2.5631693083641517e-05
244,1.0024960066604112e-05
245,3.818595464297809e-06
246,1.4165773623847778e-06
247,5.117909312095142e-07
248,1.800779419755846e-07
249,6.170837288594453e-08
250,2.059412362906535e-08
251,6.693575706502183e-09
252,2.118793772762632e-09
253,6.531829499405371e-10
254,1.9610859833575534e-10
