24.0,0.00018783499356239252
24.01,0.00019101371470617884
24.020000000000003,0.00019427357177067807
24.030000000000005,0.00019761734122413443
24.040000000000006,0.0002010479189453328
24.050000000000008,0.00020456832641954436
24.06000000000001,0.00020818171731153847
24.07000000000001,0.00021189138444202484
24.080000000000013,0.00021570076719596841
24.090000000000014,0.00021961345939349431
24.100000000000016,0.00022363321765656277
24.110000000000017,0.00022776397030729276
24.12000000000002,0.00023200982683674125
24.13000000000002,0.00023637508798615383
24.140000000000022,0.00024086425648619933
24.150000000000023,0.000245482048503523
24.160000000000025,0.00025023340584813997
24.170000000000027,0.0002551235089997637
24.180000000000028,0.0002601577910161856
24.19000000000003,0.00026534195239231735
24.20000000000003,0.00027068197694454256
24.210000000000033,0.000276184148801654
24.220000000000034,0.00028185507059092977
24.230000000000036,0.00028770168291592234
24.240000000000038,0.0002937312852313469
24.25000000000004,0.0002999515582301815
24.26000000000004,0.00030637058786881193
24.270000000000042,0.000312996891167886
24.280000000000044,0.0003198394439396251
24.290000000000045,0.0003269077106068012
24.300000000000047,0.0003342116762946002
24.31000000000005,0.00034176188139434195
24.32000000000005,0.00034956945881770116
24.33000000000005,0.000357646174181938
24.340000000000053,0.0003660044691909318
24.350000000000055,0.00037465750850384247
24.360000000000056,0.0003836192304133296
24.370000000000058,0.0003929044016888247
24.38000000000006,0.00040252867697782474
24.39000000000006,0.00041250866320004703
24.400000000000063,0.00042286198941613167
24.410000000000064,0.00043360738270504975
24.420000000000066,0.0004447647506432135
24.430000000000067,0.00045635527104434396
24.44000000000007,0.00046840148969341035
24.45000000000007,0.00048092742689152167
24.460000000000072,0.0004939586937228346
24.470000000000073,0.0005075226190607916
24.480000000000075,0.0005216483884510581
24.490000000000077,0.0005363671961443263
24.500000000000078,0.0005517124117059935
24.51000000000008,0.00056771976280421
24.52000000000008,0.0005844275359760038
24.530000000000083,0.0006018767973966174
24.540000000000084,0.0006201116359339973
24.550000000000086,0.0006391794310632785
24.560000000000088,0.0006591311485507189
24.57000000000009,0.0006800216671993225
24.58000000000009,0.0007019101403869414
24.590000000000092,0.000724860396630845
24.600000000000094,0.0007489413839909648
24.610000000000095,0.0007742276637894644
24.620000000000097,0.0008007999598912631
24.6300000000001,0.0008287457706754618
24.6400000000001,0.0008581600518511046
24.6500000000001,0.0008891459794556659
24.660000000000103,0.0009218158037485865
24.670000000000105,0.0009562918063075363
24.680000000000106,0.00099270737449015
24.690000000000108,0.001031208209583996
24.70000000000011,0.0010719536874858656
24.71000000000011,0.0011151183936911797
24.720000000000113,0.0011608938578096559
24.730000000000114,0.0012094905168419706
24.740000000000116,0.0012611399411567835
24.750000000000117,0.00131609736261877
24.76000000000012,0.0013746445507767545
24.77000000000012,0.001437093090589852
24.780000000000122,0.001503788124036166
24.790000000000123,0.001575112628326534
24.800000000000125,0.0016514923155737315
24.810000000000127,0.001733401252906446
24.820000000000128,0.0018213683184424958
24.83000000000013,0.0019159846275207336
24.84000000000013,0.0020179120853794238
24.850000000000133,0.0021278932472253813
24.860000000000134,0.0022467626943692663
24.870000000000136,0.0023754601655277675
24.880000000000138,0.0025150457147429814
24.89000000000014,0.0026667172000659186
24.90000000000014,0.00283183043731873
24.910000000000142,0.0030119223759579655
24.920000000000144,0.0032087376611679764
24.930000000000145,0.003424258924717421
24.940000000000147,0.003660741076112329
24.95000000000015,0.003920749712943892
24.96000000000015,0.004207203485492764
24.97000000000015,0.004523419760298172
24.980000000000153,0.004873162117523202
24.990000000000155,0.005260686920491934
25.000000000000156,0.005690784170432029
25.010000000000158,0.006168804762811623
25.02000000000016,0.0067006616279611025
25.03000000000016,0.007292785471620478
25.040000000000163,0.007952006245479298
25.050000000000164,0.008685318457571032
25.060000000000166,0.009499471830288032
25.070000000000167,0.010400309802007734
25.08000000000017,0.011391761030968083
25.09000000000017,0.01247438299027845
25.100000000000172,0.013643380480838982
25.110000000000174,0.014886105633756844
25.120000000000175,0.016179228893926256
25.130000000000177,0.01748608327079313
25.140000000000178,0.018755105312214644
25.15000000000018,0.019920682916024775
25.16000000000018,0.02090775803249321
25.170000000000183,0.021640816935946272
25.180000000000184,0.02205625920718723
25.190000000000186,0.022115077964102097
25.200000000000188,0.021811573502228926
25.21000000000019,0.021174683434819812
25.22000000000019,0.020261378705894065
25.230000000000192,0.01914478523034992
25.240000000000194,0.01790129066765378
25.250000000000195,0.016600257402618737
25.260000000000197,0.01529801624829638
25.2700000000002,0.014035942243131675
25.2800000000002,0.012841395099040562
25.2900000000002,0.011730144415372944
25.300000000000203,0.01070921649671767
25.310000000000205,0.00977953313018767
25.320000000000206,0.008938066980412024
25.330000000000208,0.008179460939163895
25.34000000000021,0.007497169992097687
25.35000000000021,0.006884223335256953
25.360000000000213,0.006333705441005872
25.370000000000214,0.0058390396567512375
25.380000000000216,0.005394138798787805
25.390000000000217,0.0049934695993069525
25.40000000000022,0.004632063667687935
25.41000000000022,0.004305496992761612
25.420000000000222,0.004009852415310012
25.430000000000224,0.003741674251049837
25.440000000000225,0.0034979207105159393
25.450000000000227,0.003275917435210815
25.46000000000023,0.0030733139692080986
25.47000000000023,0.0028880440403817333
25.48000000000023,0.0027182899468543202
25.490000000000233,0.002562451003744357
25.500000000000234,0.0024191158169018924
25.510000000000236,0.002287038057275717
25.520000000000238,0.0021651153747868014
25.53000000000024,0.002052371090188398
25.54000000000024,0.0019479383221672445
25.550000000000242,0.0018510462353727758
25.560000000000244,0.0017610081273386547
25.570000000000245,0.0016772111049446932
25.580000000000247,0.001599107132226543
25.59000000000025,0.0015262052599874358
25.60000000000025,0.0014580648733894567
25.61000000000025,0.0013942898164325456
25.620000000000253,0.0013345232720921216
25.630000000000255,0.0012784432941056174
25.640000000000256,0.0012257589012421297
25.650000000000258,0.00117620665763478
25.66000000000026,0.001129547673668988
25.67000000000026,0.0010855649712480928
25.680000000000263,0.001044061165222334
25.690000000000264,0.0010048564195638677
25.700000000000266,0.0009677866426700592
25.710000000000267,0.0009327018911273236
25.72000000000027,0.0008994649554950138
25.73000000000027,0.0008679501052815708
25.740000000000272,0.0008380419733755785
25.750000000000274,0.0008096345628408443
25.760000000000275,0.0007826303612536435
25.770000000000277,0.0007569395497081165
25.78000000000028,0.0007324792952902153
25.79000000000028,0.0007091731172619468
25.80000000000028,0.0006869503184401847
25.810000000000283,0.000665745474327006
25.820000000000285,0.0006454979734759608
25.830000000000286,0.000626151603381754
25.840000000000288,0.0006076541768772438
25.85000000000029,0.0005899571946265188
25.86000000000029,0.0005730155398289244
25.870000000000292,0.0005567872017072194
25.880000000000294,0.0005412330247528858
25.890000000000295,0.000526316481050955
25.900000000000297,0.0005120034633123937
25.9100000000003,0.0004982620965099426
25.9200000000003,0.0004850625662483523
25.9300000000003,0.0004723769622065068
25.940000000000303,0.0004601791351706969
25.950000000000305,0.00044844456633847784
25.960000000000306,0.00043715024771388323
25.970000000000308,0.00042627457253965894
25.98000000000031,0.0004157972348226721
25.99000000000031,0.00040569913710654577
26.000000000000313,0.00039596230573239814
26.010000000000314,0.0003865698129056915
26.020000000000316,0.0003775057049557777
26.030000000000317,0.0003687549362357906
26.04000000000032,0.0003603033081649683
26.05000000000032,0.0003521374129640697
26.060000000000322,0.0003442445816779548
26.070000000000324,0.0003366128361182277
26.080000000000325,0.0003292308443936157
26.090000000000327,0.00032208787972692817
26.10000000000033,0.00031517378228542055
26.11000000000033,0.00030847892377652565
26.12000000000033,0.00030199417458352064
26.130000000000333,0.00029571087323605614
26.140000000000335,0.0002896207980288152
26.150000000000336,0.00028371614061811865
26.160000000000338,0.00027798948144124025
26.17000000000034,0.0002724337668166966
26.18000000000034,0.00026704228759600403
26.190000000000342,0.00026180865924845404
26.200000000000344,0.0002567268032704957
26.210000000000345,0.00025179092982040996
26.220000000000347,0.00024699552148722327
26.23000000000035,0.0002423353181103221
26.24000000000035,0.0002378053025730531
26.25000000000035,0.00023340068749982016
26.260000000000353,0.0002291169027918482
26.270000000000355,0.00022494958394195328
26.280000000000356,0.00022089456107337352
26.290000000000358,0.00021694784865201752
26.30000000000036,0.00021310563582542736
26.31000000000036,0.00020936427734534878
26.320000000000363,0.0002057202850340992
26.330000000000364,0.00020217031975794245
26.340000000000366,0.00019871118387344475
26.350000000000367,0.00019533981411532856
26.36000000000037,0.00019205327489666833
26.37000000000037,0.00018884875199441602
26.380000000000372,0.0001857235465952118
26.390000000000374,0.00018267506967824482
26.400000000000375,0.00017970083671359948
26.410000000000377,0.00017679846265605405
26.42000000000038,0.0001739656572157176
26.43000000000038,0.0001712002203881934
26.44000000000038,0.00016850003822816486
26.450000000000383,0.00016586307885141035
26.460000000000385,0.00016328738865128227
26.470000000000386,0.0001607710887166371
26.480000000000388,0.00015831237143908034
26.49000000000039,0.00015590949729820755
26.50000000000039,0.00015356079181427348
26.510000000000392,0.00015126464265842186
26.520000000000394,0.00014901949691125657
26.530000000000395,0.00014682385846113402
26.540000000000397,0.00014467628553411734
26.5500000000004,0.00014257538834804836
26.5600000000004,0.00014051982688367744
26.5700000000004,0.00013850830876623697
26.580000000000403,0.00013653958725126183
26.590000000000405,0.00013461245930884778
26.600000000000406,0.00013272576380089868
