24.0,1.2038878349935624
24.01,1.203891013714706
24.020000000000003,1.2038942735717706
24.030000000000005,1.2038976173412241
24.040000000000006,1.2039010479189454
24.050000000000008,1.2039045683264196
24.06000000000001,1.2039081817173116
24.07000000000001,1.203911891384442
24.080000000000013,1.203915700767196
24.090000000000014,1.2039196134593935
24.100000000000016,1.2039236332176566
24.110000000000017,1.2039277639703072
24.12000000000002,1.2039320098268367
24.13000000000002,1.2039363750879861
24.140000000000022,1.2039408642564862
24.150000000000023,1.2039454820485036
24.160000000000025,1.203950233405848
24.170000000000027,1.2039551235089998
24.180000000000028,1.2039601577910162
24.19000000000003,1.2039653419523924
24.20000000000003,1.2039706819769445
24.210000000000033,1.2039761841488017
24.220000000000034,1.203981855070591
24.230000000000036,1.203987701682916
24.240000000000038,1.2039937312852314
24.25000000000004,1.2039999515582303
24.26000000000004,1.2040063705878687
24.270000000000042,1.204012996891168
24.280000000000044,1.2040198394439396
24.290000000000045,1.2040269077106067
24.300000000000047,1.2040342116762945
24.31000000000005,1.2040417618813943
24.32000000000005,1.2040495694588178
24.33000000000005,1.2040576461741819
24.340000000000053,1.2040660044691909
24.350000000000055,1.2040746575085037
24.360000000000056,1.2040836192304134
24.370000000000058,1.2040929044016888
24.38000000000006,1.2041025286769778
24.39000000000006,1.2041125086632
24.400000000000063,1.2041228619894162
24.410000000000064,1.2041336073827051
24.420000000000066,1.2041447647506431
24.430000000000067,1.2041563552710444
24.44000000000007,1.2041684014896934
24.45000000000007,1.2041809274268915
24.460000000000072,1.204193958693723
24.470000000000073,1.2042075226190607
24.480000000000075,1.2042216483884511
24.490000000000077,1.2042363671961442
24.500000000000078,1.204251712411706
24.51000000000008,1.2042677197628042
24.52000000000008,1.204284427535976
24.530000000000083,1.2043018767973965
24.540000000000084,1.2043201116359339
24.550000000000086,1.2043391794310632
24.560000000000088,1.2043591311485506
24.57000000000009,1.2043800216671994
24.58000000000009,1.2044019101403869
24.590000000000092,1.2044248603966308
24.600000000000094,1.204448941383991
24.610000000000095,1.2044742276637894
24.620000000000097,1.2045007999598913
24.6300000000001,1.2045287457706755
24.6400000000001,1.2045581600518511
24.6500000000001,1.2045891459794558
24.660000000000103,1.2046218158037485
24.670000000000105,1.2046562918063075
24.680000000000106,1.2046927073744902
24.690000000000108,1.204731208209584
24.70000000000011,1.204771953687486
24.71000000000011,1.2048151183936913
24.720000000000113,1.2048608938578096
24.730000000000114,1.204909490516842
24.740000000000116,1.2049611399411568
24.750000000000117,1.2050160973626187
24.76000000000012,1.2050746445507767
24.77000000000012,1.2051370930905898
24.780000000000122,1.205203788124036
24.790000000000123,1.2052751126283265
24.800000000000125,1.2053514923155737
24.810000000000127,1.2054334012529064
24.820000000000128,1.2055213683184425
24.83000000000013,1.2056159846275207
24.84000000000013,1.2057179120853794
24.850000000000133,1.2058278932472253
24.860000000000134,1.2059467626943692
24.870000000000136,1.2060754601655277
24.880000000000138,1.206215045714743
24.89000000000014,1.2063667172000658
24.90000000000014,1.2065318304373187
24.910000000000142,1.206711922375958
24.920000000000144,1.206908737661168
24.930000000000145,1.2071242589247173
24.940000000000147,1.2073607410761122
24.95000000000015,1.2076207497129439
24.96000000000015,1.2079072034854927
24.97000000000015,1.2082234197602981
24.980000000000153,1.2085731621175233
24.990000000000155,1.2089606869204919
25.000000000000156,1.209390784170432
25.010000000000158,1.2098688047628117
25.02000000000016,1.210400661627961
25.03000000000016,1.2109927854716205
25.040000000000163,1.2116520062454792
25.050000000000164,1.212385318457571
25.060000000000166,1.213199471830288
25.070000000000167,1.2141003098020078
25.08000000000017,1.2150917610309682
25.09000000000017,1.2161743829902785
25.100000000000172,1.217343380480839
25.110000000000174,1.2185861056337568
25.120000000000175,1.2198792288939262
25.130000000000177,1.221186083270793
25.140000000000178,1.2224551053122146
25.15000000000018,1.2236206829160248
25.16000000000018,1.2246077580324932
25.170000000000183,1.2253408169359463
25.180000000000184,1.2257562592071871
25.190000000000186,1.2258150779641022
25.200000000000188,1.2255115735022288
25.21000000000019,1.2248746834348199
25.22000000000019,1.223961378705894
25.230000000000192,1.22284478523035
25.240000000000194,1.2216012906676537
25.250000000000195,1.2203002574026187
25.260000000000197,1.2189980162482963
25.2700000000002,1.2177359422431318
25.2800000000002,1.2165413950990405
25.2900000000002,1.215430144415373
25.300000000000203,1.2144092164967177
25.310000000000205,1.2134795331301877
25.320000000000206,1.212638066980412
25.330000000000208,1.2118794609391639
25.34000000000021,1.2111971699920976
25.35000000000021,1.2105842233352568
25.360000000000213,1.210033705441006
25.370000000000214,1.2095390396567511
25.380000000000216,1.2090941387987877
25.390000000000217,1.208693469599307
25.40000000000022,1.208332063667688
25.41000000000022,1.2080054969927616
25.420000000000222,1.20770985241531
25.430000000000224,1.2074416742510499
25.440000000000225,1.207197920710516
25.450000000000227,1.2069759174352108
25.46000000000023,1.206773313969208
25.47000000000023,1.2065880440403818
25.48000000000023,1.2064182899468543
25.490000000000233,1.2062624510037443
25.500000000000234,1.2061191158169018
25.510000000000236,1.2059870380572757
25.520000000000238,1.2058651153747868
25.53000000000024,1.2057523710901883
25.54000000000024,1.2056479383221672
25.550000000000242,1.2055510462353727
25.560000000000244,1.2054610081273387
25.570000000000245,1.2053772111049448
25.580000000000247,1.2052991071322265
25.59000000000025,1.2052262052599874
25.60000000000025,1.2051580648733895
25.61000000000025,1.2050942898164325
25.620000000000253,1.205034523272092
25.630000000000255,1.2049784432941055
25.640000000000256,1.204925758901242
25.650000000000258,1.2048762066576348
25.66000000000026,1.204829547673669
25.67000000000026,1.204785564971248
25.680000000000263,1.2047440611652223
25.690000000000264,1.204704856419564
25.700000000000266,1.20466778664267
25.710000000000267,1.2046327018911274
25.72000000000027,1.204599464955495
25.73000000000027,1.2045679501052815
25.740000000000272,1.2045380419733756
25.750000000000274,1.2045096345628408
25.760000000000275,1.2044826303612537
25.770000000000277,1.204456939549708
25.78000000000028,1.2044324792952903
25.79000000000028,1.204409173117262
25.80000000000028,1.2043869503184401
25.810000000000283,1.204365745474327
25.820000000000285,1.204345497973476
25.830000000000286,1.2043261516033819
25.840000000000288,1.2043076541768771
25.85000000000029,1.2042899571946266
25.86000000000029,1.204273015539829
25.870000000000292,1.2042567872017071
25.880000000000294,1.204241233024753
25.890000000000295,1.204226316481051
25.900000000000297,1.2042120034633124
25.9100000000003,1.20419826209651
25.9200000000003,1.2041850625662482
25.9300000000003,1.2041723769622066
25.940000000000303,1.2041601791351706
25.950000000000305,1.2041484445663384
25.960000000000306,1.2041371502477138
25.970000000000308,1.2041262745725396
25.98000000000031,1.2041157972348226
25.99000000000031,1.2041056991371066
26.000000000000313,1.2040959623057323
26.010000000000314,1.2040865698129057
26.020000000000316,1.2040775057049558
26.030000000000317,1.2040687549362359
26.04000000000032,1.204060303308165
26.05000000000032,1.204052137412964
26.060000000000322,1.204044244581678
26.070000000000324,1.2040366128361182
26.080000000000325,1.2040292308443936
26.090000000000327,1.204022087879727
26.10000000000033,1.2040151737822855
26.11000000000033,1.2040084789237766
26.12000000000033,1.2040019941745834
26.130000000000333,1.203995710873236
26.140000000000335,1.2039896207980287
26.150000000000336,1.2039837161406182
26.160000000000338,1.2039779894814413
26.17000000000034,1.2039724337668167
26.18000000000034,1.203967042287596
26.190000000000342,1.2039618086592485
26.200000000000344,1.2039567268032705
26.210000000000345,1.2039517909298203
26.220000000000347,1.2039469955214872
26.23000000000035,1.2039423353181102
26.24000000000035,1.203937805302573
26.25000000000035,1.2039334006874998
26.260000000000353,1.203929116902792
26.270000000000355,1.203924949583942
26.280000000000356,1.2039208945610733
26.290000000000358,1.203916947848652
26.30000000000036,1.2039131056358254
26.31000000000036,1.2039093642773453
26.320000000000363,1.203905720285034
26.330000000000364,1.2039021703197579
26.340000000000366,1.2038987111838735
26.350000000000367,1.2038953398141152
26.36000000000037,1.2038920532748967
26.37000000000037,1.2038888487519943
26.380000000000372,1.2038857235465952
26.390000000000374,1.2038826750696783
26.400000000000375,1.2038797008367137
26.410000000000377,1.203876798462656
26.42000000000038,1.2038739656572157
26.43000000000038,1.2038712002203882
26.44000000000038,1.203868500038228
26.450000000000383,1.2038658630788515
26.460000000000385,1.2038632873886512
26.470000000000386,1.2038607710887166
26.480000000000388,1.203858312371439
26.49000000000039,1.2038559094972983
26.50000000000039,1.2038535607918142
26.510000000000392,1.2038512646426585
26.520000000000394,1.2038490194969111
26.530000000000395,1.2038468238584612
26.540000000000397,1.2038446762855342
26.5500000000004,1.203842575388348
26.5600000000004,1.2038405198268836
26.5700000000004,1.2038385083087662
26.580000000000403,1.2038365395872512
26.590000000000405,1.203834612459309
26.600000000000406,1.2038327257638008
