0,2.2243876519177147e-27
1,6.874628459297444e-27
2,2.105483941426752e-26
3,6.390260769541742e-26
4,1.9219813722158396e-25
5,5.728536877082943e-25
6,1.692007165522162e-24
7,4.952501644001583e-24
8,1.4365177763137697e-23
9,4.129156338748397e-23
10,1.1761848853765297e-22
11,3.320120204656081e-22
12,9.287438837303663e-22
13,2.5745543925603255e-21
14,7.07248641941335e-21
15,1.925334169871962e-20
16,5.194025298508593e-20
17,1.3885641499662405e-19
18,3.6786780584202393e-19
19,9.657874580489543e-19
20,2.5126690264316577e-18
21,6.478179195124795e-18
22,1.655139386529625e-17
23,4.1906378931378164e-17
24,1.0514524653972037e-16
25,2.614346197839179e-16
26,6.441700023431075e-16
27,1.5729026420052382e-15
28,3.8059855300037946e-15
29,9.126334223998875e-15
30,2.168650425555003e-14
31,5.10677448539185e-14
32,1.1917022346085348e-13
33,2.7558322190819503e-13
34,6.315412735528673e-13
35,1.4342162854888842e-12
36,3.2276876934897205e-12
37,7.198339220639584e-12
38,1.5908786630421144e-11
39,3.484221457856324e-11
40,7.562029909580134e-11
41,1.6264285012679846e-10
42,3.4665343450510884e-10
43,7.321835785564842e-10
44,1.5325279608146218e-09
45,3.1787822207287846e-09
46,6.5339692970430586e-09
47,1.3309365423002478e-08
48,2.6865909955791393e-08
49,5.3741490361749066e-08
50,1.0653242259590631e-07
51,2.09275238705495e-07
52,4.0739700739099396e-07
53,7.859262034032649e-07
54,1.5024832833068367e-06
55,2.8464363340925835e-06
56,5.3438867511263855e-06
57,9.942073353669949e-06
58,1.8329922384583484e-05
59,3.3489466927853116e-05
60,6.063449837859086e-05
61,0.00010879158126396992
62,0.00019343485624034022
63,0.0003408302449186133
64,0.0005951212583219279
65,0.001029761728430005
66,0.0017657612253230983
67,0.0030004828608932365
68,0.005052592471603636
69,0.008431431900735727
70,0.01394287546572291
71,0.022849005691552817
72,0.037106176759177205
73,0.05971577293473559
74,0.095234839161654
75,0.15051042881216997
76,0.23572263068856106
77,0.36584734790419177
78,0.5626813084792365
79,0.8576083721833108
80,1.2953271879559338
81,1.9388039504453092
82,2.8757574695283807
83,4.227022531655133
84,6.157165323522724
85,8.887733271227676
86,12.713500839435065
87,18.02201078606271
88,25.31659419329422
89,35.24286943297882
90,48.61845876813633
91,66.46531380051883
92,90.04360567355435
93,120.88561966257006
94,160.82751456850417
95,212.03619661694083
96,277.02796152575564
97,358.67503792622756
98,460.1957941322785
99,585.1242308321807
100,737.2545593539987
101,920.5572368690955
102,1139.0638570884546
103,1396.7198094889386
104,1697.2056131680545
105,2043.7302441186523
106,2438.802491676485
107,2883.9892283798063
108,3379.6722329918075
109,3924.8176057265596
110,4516.773576132368
111,5151.113354169986
112,5821.53937927157
113,6519.863716803039
114,7236.076372345281
115,7958.5089994450755
116,8674.096057295334
117,9368.729253876149
118,10027.694524213872
119,10636.17436128822
120,11179.792594422757
121,11645.174235917635
122,12020.490257492145
123,12295.956454340941
124,12464.257078484194
125,12520.867651827313
126,12464.257078484194
127,12295.956454340941
128,12020.490257492145
129,11645.174235917635
130,11179.792594422757
131,10636.17436128822
132,10027.694524213872
133,9368.729253876149
134,8674.096057295334
135,7958.5089994450755
136,7236.076372345281
137,6519.863716803039
138,5821.53937927157
139,5151.113354169986
140,4516.773576132368
141,3924.8176057265596
142,3379.6722329918075
143,2883.9892283798063
144,2438.802491676485
145,2043.7302441186523
146,1697.2056131680545
147,1396.7198094889386
148,1139.0638570884546
149,920.5572368690955
150,737.2545593539987
151,585.1242308321807
152,460.1957941322785
153,358.67503792622756
154,277.02796152575564
155,212.03619661694083
156,160.82751456850417
157,120.88561966257006
158,90.04360567355435
159,66.46531380051883
160,48.61845876813633
161,35.24286943297882
162,25.31659419329422
163,18.02201078606271
164,12.713500839435065
165,8.887733271227676
166,6.157165323522724
167,4.227022531655133
168,2.8757574695283807
169,1.9388039504453092
170,1.2953271879559338
171,0.8576083721833108
172,0.5626813084792365
173,0.36584734790419177
174,0.23572263068856106
175,0.15051042881216997
176,0.095234839161654
177,0.05971577293473559
178,0.037106176759177205
179,0.022849005691552817
180,0.01394287546572291
181,0.008431431900735727
182,0.005052592471603636
183,0.0030004828608932365
184,0.0017657612253230983
185,0.001029761728430005
186,0.0005951212583219279
187,0.0003408302449186133
188,0.00019343485624034022
189,0.00010879158126396992
190,6.063449837859086e-05
191,3.3489466927853116e-05
192,1.8329922384583484e-05
193,9.942073353669949e-06
194,5.3438867511263855e-06
195,2.8464363340925835e-06
196,1.5024832833068367e-06
197,7.859262034032649e-07
198,4.0739700739099396e-07
199,2.09275238705495e-07
200,1.0653242259590631e-07
201,5.3741490361749066e-08
202,2.6865909955791393e-08
203,1.3309365423002478e-08
204,6.5339692970430586e-09
205,3.1787822207287846e-09
206,1.5325279608146218e-09
207,7.321835785564842e-10
208,3.4665343450510884e-10
209,1.6264285012679846e-10
210,7.562029909580134e-11
211,3.484221457856324e-11
212,1.5908786630421144e-11
213,7.198339220639584e-12
214,3.2276876934897205e-12
215,1.4342162854888842e-12
216,6.315412735528673e-13
217,2.7558322190819503e-13
218,1.1917022346085348e-13
219,5.10677448539185e-14
220,2.168650425555003e-14
221,9.126334223998875e-15
222,3.8059855300037946e-15
223,1.5729026420052382e-15
224,6.441700023431075e-16
225,2.614346197839179e-16
226,1.0514524653972037e-16
227,4.1906378931378164e-17
228,1.655139386529625e-17
229,6.478179195124795e-18
230,2.5126690264316577e-18
231,9.657874580489543e-19
232,3.6786780584202393e-19
233,1.3885641499662405e-19
234,5.194025298508593e-20
235,1.925334169871962e-20
236,7.07248641941335e-21
237,2.5745543925603255e-21
238,9.287438837303663e-22
239,3.320120204656081e-22
240,1.1761848853765297e-22
241,4.129156338748397e-23
242,1.4365177763137697e-23
243,4.952501644001583e-24
244,1.692007165522162e-24
245,5.728536877082943e-25
246,1.9219813722158396e-25
247,6.390260769541742e-26
248,2.105483941426752e-26
249,6.874628459297444e-27
250,2.2243876519177147e-27
251,7.132399571121518e-28
252,2.2663386257427633e-28
253,7.136378592678246e-29
254,2.226870226034441e-29
