24.0,0.00436207235712572
24.01,0.004368575268448155
24.020000000000003,0.004375253682141932
24.030000000000005,0.004382113923035645
24.040000000000006,0.004389162601202982
24.050000000000008,0.004396406627410188
24.06000000000001,0.0044038532295395845
24.07000000000001,0.0044115099700595415
24.080000000000013,0.004419384764617067
24.090000000000014,0.004427485901835361
24.100000000000016,0.004435822064405473
24.110000000000017,0.004444402351568608
24.12000000000002,0.004453236303093692
24.13000000000002,0.004462333924863671
24.140000000000022,0.00447170571619362
24.150000000000023,0.004481362699014355
24.160000000000025,0.004491316449066756
24.170000000000027,0.004501579129264725
24.180000000000028,0.004512163525398544
24.19000000000003,0.004523083084365675
24.20000000000003,0.004534351955132752
24.210000000000033,0.004545985032650906
24.220000000000034,0.0045579980049667524
24.230000000000036,0.004570407403793629
24.240000000000038,0.004583230658832125
24.25000000000004,0.00459648615615592
24.26000000000004,0.004610193301008692
24.270000000000042,0.004624372585390637
24.280000000000044,0.0046390456608494035
24.290000000000045,0.00465423541693024
24.300000000000047,0.00466996606578442
24.31000000000005,0.004686263233483995
24.32000000000005,0.0047031540586451375
24.33000000000005,0.004720667299022434
24.340000000000053,0.004738833446803104
24.350000000000055,0.004757684853404062
24.360000000000056,0.00477725586465682
24.370000000000058,0.004797582967356409
24.38000000000006,0.004818704948251896
24.39000000000006,0.004840663066668847
24.400000000000063,0.004863501242079584
24.410000000000064,0.004887266258076885
24.420000000000066,0.004912007984362458
24.430000000000067,0.004937779618535134
24.44000000000007,0.004964637949657201
24.45000000000007,0.004992643645793201
24.460000000000072,0.0050218615679563094
24.470000000000073,0.0050523611131661015
24.480000000000075,0.0050842165896213334
24.490000000000077,0.005117507627325882
24.500000000000078,0.005152319627879088
24.51000000000008,0.0051887442575577845
24.52000000000008,0.005226879988280828
24.530000000000083,0.005266832691563052
24.540000000000084,0.005308716291139439
24.550000000000086,0.005352653480577432
24.560000000000088,0.005398776512901429
24.57000000000009,0.005447228070033849
24.58000000000009,0.005498162220717071
24.590000000000092,0.005551745476524206
24.600000000000094,0.005608157956596884
24.610000000000095,0.0056675946728659676
24.620000000000097,0.005730266948713253
24.6300000000001,0.0057964039853115375
24.6400000000001,0.005866254591221829
24.6500000000001,0.005940089092205339
24.660000000000103,0.0060182014395851555
24.670000000000105,0.006100911536809974
24.680000000000106,0.006188567805044785
24.690000000000108,0.006281550009519677
24.70000000000011,0.00638027236883687
24.71000000000011,0.0064851869692304385
24.720000000000113,0.0065967875045653615
24.730000000000114,0.006715613360205389
24.740000000000116,0.006842254054165036
24.750000000000117,0.006977354041369864
24.76000000000012,0.007121617875280079
24.77000000000012,0.007275815704116081
24.780000000000122,0.007440789054510436
24.790000000000123,0.007617456821027225
24.800000000000125,0.0078068213322696756
24.810000000000127,0.008009974298870334
24.820000000000128,0.008228102359913367
24.83000000000013,0.008462491825165935
24.84000000000013,0.008714532052045941
24.850000000000133,0.00898571668777199
24.860000000000134,0.00927764173599491
24.870000000000136,0.009591999059300962
24.880000000000138,0.00993056348986845
24.89000000000014,0.010295171177819565
24.90000000000014,0.01068768615433207
24.910000000000142,0.011109951331955423
24.920000000000144,0.011563719340953633
24.930000000000145,0.012050557784499644
24.940000000000147,0.012571722832771685
24.95000000000015,0.01312799481428958
24.96000000000015,0.013719469990406083
24.97000000000015,0.014345304577901105
24.980000000000153,0.01500341105916814
24.990000000000155,0.015690113759645363
25.000000000000156,0.01639978139632859
25.010000000000158,0.017124469206119833
25.02000000000016,0.017853621710987595
25.03000000000016,0.01857390668272193
25.040000000000163,0.01926926632561722
25.050000000000164,0.01992127518363506
25.060000000000166,0.020509876291206923
25.070000000000167,0.021014519877055347
25.08000000000017,0.021415651850289336
25.09000000000017,0.02169640417773748
25.100000000000172,0.021844251998206898
25.110000000000174,0.021852356782368874
25.120000000000175,0.02172033875998792
25.130000000000177,0.021454320609417005
25.140000000000178,0.021066233261783016
25.15000000000018,0.020572526511032082
25.16000000000018,0.019992533466094635
25.170000000000183,0.019346770674869868
25.180000000000184,0.01865541707327338
25.190000000000186,0.017937130688573687
25.200000000000188,0.017208266252704815
25.21000000000019,0.016482476851321662
25.22000000000019,0.0157706319306333
25.230000000000192,0.015080962951081906
25.240000000000194,0.01441934948611094
25.250000000000195,0.013789673095103422
25.260000000000197,0.013194185654777296
25.2700000000002,0.01263385757312447
25.2800000000002,0.012108686681707807
25.2900000000002,0.011617959799748934
25.300000000000203,0.011160466300670411
25.310000000000205,0.0107346672816651
25.320000000000206,0.010338826015663344
25.330000000000208,0.00997110601584722
25.34000000000021,0.009629642849077108
25.35000000000021,0.009312595203001577
25.360000000000213,0.00901817990421954
25.370000000000214,0.008744694757174185
25.380000000000216,0.008490532308586965
25.390000000000217,0.008254186977280208
25.40000000000022,0.008034257434017051
25.41000000000022,0.007829445665529577
25.420000000000222,0.0076385537992389885
25.430000000000224,0.007460479485940082
25.440000000000225,0.007294210422715109
25.450000000000227,0.007138818434726137
25.46000000000023,0.006993453411333783
25.47000000000023,0.006857337300140905
25.48000000000023,0.006729758294764859
25.490000000000233,0.006610065302630525
25.500000000000234,0.006497662743348169
25.510000000000236,0.006392005702824638
25.520000000000238,0.006292595450499258
25.53000000000024,0.006198975314983453
25.54000000000024,0.006110726905396817
25.550000000000242,0.00602746666069395
25.560000000000244,0.005948842706417165
25.570000000000245,0.005874531996961232
25.580000000000247,0.005804237721134042
25.59000000000025,0.005737686949202102
25.60000000000025,0.00567462850047553
25.61000000000025,0.005614831011636115
25.620000000000253,0.0055580811873177614
25.630000000000255,0.0055041822158224205
25.640000000000256,0.005452952334235544
25.650000000000258,0.005404223528552375
25.66000000000026,0.0053578403557136365
25.67000000000026,0.005313658875660815
25.680000000000263,0.005271545682648794
25.690000000000264,0.005231377026093932
25.700000000000266,0.005193038012189187
25.710000000000267,0.005156421878387158
25.72000000000027,0.005121429333641254
25.73000000000027,0.0050879679580095
25.740000000000272,0.0050559516558702795
25.750000000000274,0.005025300157580211
25.760000000000275,0.004995938564926777
25.770000000000277,0.00496779693619767
25.78000000000028,0.004940809907110045
25.79000000000028,0.004914916344220739
25.80000000000028,0.00489005902777717
25.810000000000283,0.004866184361272352
25.820000000000285,0.004843242105239457
25.830000000000286,0.004821185133065287
25.840000000000288,0.004799969206820581
25.85000000000029,0.004779552771301061
25.86000000000029,0.004759896764648837
25.870000000000292,0.004740964444081528
25.880000000000294,0.004722721225397889
25.890000000000295,0.004705134535055886
25.900000000000297,0.004688173673733258
25.9100000000003,0.0046718096903833
25.9200000000003,0.004656015265890839
25.9300000000003,0.004640764605516521
25.940000000000303,0.0046260333393922945
25.950000000000305,0.004611798430398444
25.960000000000306,0.004598038088813286
25.970000000000308,0.004584731693181557
25.98000000000031,0.004571859716897027
25.99000000000031,0.00455940366003968
26.000000000000313,0.0045473459860482755
26.010000000000314,0.0045356700628457446
26.020000000000316,0.004524360108068068
26.030000000000317,0.004513401138077344
26.04000000000032,0.004502778920467028
26.05000000000032,0.004492479929792076
26.060000000000322,0.0044824913062792154
26.070000000000324,0.004472800817292948
26.080000000000325,0.0044633968213515455
26.090000000000327,0.004454268234504145
26.10000000000033,0.004445404498895466
26.11000000000033,0.004436795553358743
26.12000000000033,0.0044284318058902305
26.130000000000333,0.004420304107870331
26.140000000000335,0.00441240372990709
26.150000000000336,0.00440472233918753
26.160000000000338,0.0043972519782312335
26.17000000000034,0.004389985044948727
26.18000000000034,0.004382914273914731
26.190000000000342,0.00437603271877315
26.200000000000344,0.004369333735696983
26.210000000000345,0.004362810967832095
26.220000000000347,0.004356458330659081
26.23000000000035,0.004350269998212313
26.24000000000035,0.0043442403900997295
26.25000000000035,0.004338364159271055
26.260000000000353,0.004332636180485884
26.270000000000355,0.0043270515394366075
26.280000000000356,0.0043216055224842955
26.290000000000358,0.004316293606968689
26.30000000000036,0.004311111452056134
26.31000000000036,0.004306054890091823
26.320000000000363,0.004301119918425063
26.330000000000364,0.004296302691678405
26.340000000000366,0.004291599514433497
26.350000000000367,0.004287006834308336
26.36000000000037,0.004282521235402321
26.37000000000037,0.004278139432087067
26.380000000000372,0.004273858263122434
26.390000000000374,0.004269674686078542
26.400000000000375,0.004265585772045851
26.410000000000377,0.004261588700616498
26.42000000000038,0.004257680755121218
26.43000000000038,0.004253859318107157
26.44000000000038,0.0042501218670428255
26.450000000000383,0.0042464659702373155
26.460000000000385,0.004242889282961723
26.470000000000386,0.004239389543761453
26.480000000000388,0.004235964570948808
26.49000000000039,0.0042326122592659075
26.50000000000039,0.0042293305767085836
26.510000000000392,0.004226117561502503
26.520000000000394,0.004222971319223252
26.530000000000395,0.004219890020052652
26.540000000000397,0.004216871896164024
26.5500000000004,0.004213915239229547
26.5600000000004,0.004211018398043274
26.5700000000004,0.004208179776253733
26.580000000000403,0.004205397830200407
26.590000000000405,0.004202671066848708
26.600000000000406,0.004199998041818381
26.610000000000408,0.0041973773575005495
26.62000000000041,0.004194807661258902
26.63000000000041,0.004192287643710768
26.640000000000413,0.004189816037084059
26.650000000000414,0.0041873916136463026
26.660000000000416,0.004185013184202178
26.670000000000417,0.004182679596656182
26.68000000000042,0.004180389734637219
26.69000000000042,0.004178142516182113
26.700000000000422,0.004175936892475172
26.710000000000424,0.004173771846641101
26.720000000000425,0.004171646392588722
26.730000000000427,0.004169559573903068
26.74000000000043,0.004167510462783561
26.75000000000043,0.0041654981590261075
26.76000000000043,0.004163521789047057
26.770000000000433,0.004161580504947063
26.780000000000435,0.004159673483613013
26.790000000000436,0.004157799925856258
26.800000000000438,0.0041559590555855
26.81000000000044,0.004154150119012737
26.82000000000044,0.004152372383890785
26.830000000000442,0.00415062513878095
26.840000000000444,0.004148907692349488
26.850000000000446,0.004147219372691593
26.860000000000447,0.004145559526681668
26.87000000000045,0.004143927519348747
26.88000000000045,0.0041423227332759325
26.89000000000045,0.004140744568022838
26.900000000000453,0.0041391924395700035
26.910000000000455,0.0041376657797843625
26.920000000000456,0.004136164035904839
26.930000000000458,0.0041346866700472246
26.94000000000046,0.004133233158727511
26.95000000000046,0.004131802992402901
26.960000000000463,0.0041303956750297546
26.970000000000464,0.0041290107236377615
26.980000000000466,0.0041276476679196605
26.990000000000467,0.004126306049835869
