24.0,0.0003620723571257205
24.01,0.0003685752684481544
24.020000000000003,0.0003752536821419319
24.030000000000005,0.0003821139230356455
24.040000000000006,0.0003891626012029815
24.050000000000008,0.00039640662741018807
24.06000000000001,0.00040385322953958463
24.07000000000001,0.0004115099700595412
24.080000000000013,0.00041938476461706646
24.090000000000014,0.00042748590183536053
24.100000000000016,0.0004358220644054732
24.110000000000017,0.00044440235156860733
24.12000000000002,0.00045323630309369173
24.13000000000002,0.00046233392486367056
24.140000000000022,0.00047170571619362014
24.150000000000023,0.00048136269901435464
24.160000000000025,0.0004913164490667559
24.170000000000027,0.0005015791292647252
24.180000000000028,0.0005121635253985441
24.19000000000003,0.0005230830843656744
24.20000000000003,0.000534351955132752
24.210000000000033,0.000545985032650906
24.220000000000034,0.0005579980049667525
24.230000000000036,0.0005704074037936293
24.240000000000038,0.0005832306588321248
24.25000000000004,0.0005964861561559205
24.26000000000004,0.000610193301008692
24.270000000000042,0.0006243725853906365
24.280000000000044,0.0006390456608494036
24.290000000000045,0.00065423541693024
24.300000000000047,0.0006699660657844197
24.31000000000005,0.0006862632334839945
24.32000000000005,0.0007031540586451371
24.33000000000005,0.0007206672990224338
24.340000000000053,0.0007388334468031035
24.350000000000055,0.0007576848534040616
24.360000000000056,0.0007772558646568206
24.370000000000058,0.0007975829673564093
24.38000000000006,0.0008187049482518965
24.39000000000006,0.0008406630666688467
24.400000000000063,0.0008635012420795836
24.410000000000064,0.0008872662580768845
24.420000000000066,0.0009120079843624585
24.430000000000067,0.0009377796185351345
24.44000000000007,0.0009646379496572007
24.45000000000007,0.0009926436457932005
24.460000000000072,0.0010218615679563096
24.470000000000073,0.0010523611131661018
24.480000000000075,0.0010842165896213336
24.490000000000077,0.0011175076273258814
24.500000000000078,0.001152319627879088
24.51000000000008,0.0011887442575577848
24.52000000000008,0.001226879988280828
24.530000000000083,0.0012668326915630528
24.540000000000084,0.0013087162911394386
24.550000000000086,0.0013526534805774315
24.560000000000088,0.0013987765129014288
24.57000000000009,0.0014472280700338481
24.58000000000009,0.0014981622207170713
24.590000000000092,0.0015517454765242053
24.600000000000094,0.0016081579565968838
24.610000000000095,0.0016675946728659675
24.620000000000097,0.0017302669487132536
24.6300000000001,0.0017964039853115375
24.6400000000001,0.0018662545912218288
24.6500000000001,0.0019400890922053385
24.660000000000103,0.002018201439585155
24.670000000000105,0.0021009115368099732
24.680000000000106,0.002188567805044785
24.690000000000108,0.0022815500095196774
24.70000000000011,0.0023802723688368705
24.71000000000011,0.0024851869692304384
24.720000000000113,0.002596787504565361
24.730000000000114,0.0027156133602053885
24.740000000000116,0.002842254054165036
24.750000000000117,0.0029773540413698635
24.76000000000012,0.0031216178752800786
24.77000000000012,0.003275815704116081
24.780000000000122,0.0034407890545104353
24.790000000000123,0.0036174568210272247
24.800000000000125,0.003806821332269675
24.810000000000127,0.004009974298870334
24.820000000000128,0.004228102359913368
24.83000000000013,0.0044624918251659354
24.84000000000013,0.004714532052045941
24.850000000000133,0.00498571668777199
24.860000000000134,0.0052776417359949096
24.870000000000136,0.005591999059300962
24.880000000000138,0.005930563489868449
24.89000000000014,0.006295171177819565
24.90000000000014,0.0066876861543320705
24.910000000000142,0.007109951331955423
24.920000000000144,0.007563719340953634
24.930000000000145,0.008050557784499644
24.940000000000147,0.008571722832771685
24.95000000000015,0.00912799481428958
24.96000000000015,0.009719469990406083
24.97000000000015,0.010345304577901105
24.980000000000153,0.01100341105916814
24.990000000000155,0.011690113759645362
25.000000000000156,0.012399781396328588
25.010000000000158,0.013124469206119833
25.02000000000016,0.013853621710987595
25.03000000000016,0.01457390668272193
25.040000000000163,0.01526926632561722
25.050000000000164,0.01592127518363506
25.060000000000166,0.016509876291206923
25.070000000000167,0.017014519877055347
25.08000000000017,0.017415651850289336
25.09000000000017,0.01769640417773748
25.100000000000172,0.017844251998206898
25.110000000000174,0.017852356782368874
25.120000000000175,0.01772033875998792
25.130000000000177,0.017454320609417005
25.140000000000178,0.017066233261783016
25.15000000000018,0.016572526511032082
25.16000000000018,0.015992533466094635
25.170000000000183,0.01534677067486987
25.180000000000184,0.014655417073273379
25.190000000000186,0.013937130688573688
25.200000000000188,0.013208266252704815
25.21000000000019,0.01248247685132166
25.22000000000019,0.011770631930633301
25.230000000000192,0.011080962951081906
25.240000000000194,0.01041934948611094
25.250000000000195,0.009789673095103422
25.260000000000197,0.009194185654777295
25.2700000000002,0.00863385757312447
25.2800000000002,0.008108686681707807
25.2900000000002,0.007617959799748935
25.300000000000203,0.007160466300670411
25.310000000000205,0.0067346672816651
25.320000000000206,0.006338826015663345
25.330000000000208,0.005971106015847219
25.34000000000021,0.005629642849077108
25.35000000000021,0.005312595203001577
25.360000000000213,0.00501817990421954
25.370000000000214,0.004744694757174185
25.380000000000216,0.004490532308586965
25.390000000000217,0.004254186977280208
25.40000000000022,0.00403425743401705
25.41000000000022,0.0038294456655295762
25.420000000000222,0.003638553799238988
25.430000000000224,0.0034604794859400827
25.440000000000225,0.003294210422715109
25.450000000000227,0.003138818434726137
25.46000000000023,0.0029934534113337835
25.47000000000023,0.0028573373001409045
25.48000000000023,0.0027297582947648585
25.490000000000233,0.0026100653026305243
25.500000000000234,0.002497662743348169
25.510000000000236,0.002392005702824638
25.520000000000238,0.0022925954504992583
25.53000000000024,0.0021989753149834527
25.54000000000024,0.0021107269053968164
25.550000000000242,0.0020274666606939495
25.560000000000244,0.0019488427064171649
25.570000000000245,0.0018745319969612317
25.580000000000247,0.0018042377211340411
25.59000000000025,0.0017376869492021021
25.60000000000025,0.0016746285004755298
25.61000000000025,0.0016148310116361143
25.620000000000253,0.0015580811873177614
25.630000000000255,0.0015041822158224204
25.640000000000256,0.001452952334235544
25.650000000000258,0.0014042235285523753
25.66000000000026,0.0013578403557136366
25.67000000000026,0.0013136588756608157
25.680000000000263,0.0012715456826487938
25.690000000000264,0.0012313770260939322
25.700000000000266,0.0011930380121891865
25.710000000000267,0.0011564218783871572
25.72000000000027,0.0011214293336412541
25.73000000000027,0.0010879679580095005
25.740000000000272,0.0010559516558702796
25.750000000000274,0.0010253001575802109
25.760000000000275,0.000995938564926777
25.770000000000277,0.0009677969361976693
25.78000000000028,0.0009408099071100451
25.79000000000028,0.0009149163442207383
25.80000000000028,0.0008900590277771694
25.810000000000283,0.000866184361272352
25.820000000000285,0.0008432421052394571
25.830000000000286,0.0008211851330652863
25.840000000000288,0.000799969206820581
25.85000000000029,0.0007795527713010605
25.86000000000029,0.0007598967646488371
25.870000000000292,0.0007409644440815276
25.880000000000294,0.0007227212253978891
25.890000000000295,0.0007051345350558852
25.900000000000297,0.000688173673733258
25.9100000000003,0.0006718096903833001
25.9200000000003,0.0006560152658908392
25.9300000000003,0.0006407646055165207
25.940000000000303,0.0006260333393922944
25.950000000000305,0.0006117984303984438
25.960000000000306,0.0005980380888132864
25.970000000000308,0.0005847316931815572
25.98000000000031,0.0005718597168970269
25.99000000000031,0.0005594036600396798
26.000000000000313,0.0005473459860482753
26.010000000000314,0.0005356700628457448
26.020000000000316,0.0005243601080680686
26.030000000000317,0.0005134011380773443
26.04000000000032,0.0005027789204670274
26.05000000000032,0.0004924799297920764
26.060000000000322,0.0004824913062792152
26.070000000000324,0.00047280081729294724
26.080000000000325,0.0004633968213515457
26.090000000000327,0.00045426823450414486
26.10000000000033,0.00044540449889546535
26.11000000000033,0.0004367955533587429
26.12000000000033,0.00042843180589023053
26.130000000000333,0.0004203041078703309
26.140000000000335,0.00041240372990709
26.150000000000336,0.00040472233918753065
26.160000000000338,0.0003972519782312333
26.17000000000034,0.00038998504494872646
26.18000000000034,0.00038291427391473057
26.190000000000342,0.0003760327187731496
26.200000000000344,0.0003693337356969825
26.210000000000345,0.0003628109678320947
26.220000000000347,0.00035645833065908126
26.23000000000035,0.00035026999821231294
26.24000000000035,0.0003442403900997298
26.25000000000035,0.0003383641592710544
26.260000000000353,0.0003326361804858843
26.270000000000355,0.00032705153943660744
26.280000000000356,0.00032160552248429507
26.290000000000358,0.0003162936069686891
26.30000000000036,0.0003111114520561341
26.31000000000036,0.0003060548900918235
26.320000000000363,0.000301119918425063
26.330000000000364,0.00029630269167840473
26.340000000000366,0.0002915995144334964
26.350000000000367,0.00028700683430833593
26.36000000000037,0.0002825212354023209
26.37000000000037,0.0002781394320870672
26.380000000000372,0.0002738582631224335
26.390000000000374,0.0002696746860785421
26.400000000000375,0.0002655857720458511
26.410000000000377,0.00026158870061649775
26.42000000000038,0.0002576807551212178
26.43000000000038,0.0002538593181071572
26.44000000000038,0.00025012186704282546
26.450000000000383,0.00024646597023731564
26.460000000000385,0.00024288928296172302
26.470000000000386,0.00023938954376145278
26.480000000000388,0.00023596457094880846
26.49000000000039,0.00023261225926590734
26.50000000000039,0.0002293305767085836
26.510000000000392,0.00022611756150250304
26.520000000000394,0.0002229713192232517
26.530000000000395,0.00021989002005265172
26.540000000000397,0.00021687189616402351
26.5500000000004,0.00021391523922954675
26.5600000000004,0.0002110183980432739
26.5700000000004,0.00020817977625373302
26.580000000000403,0.00020539783020040672
26.590000000000405,0.00020267106684870796
26.600000000000406,0.00019999804181838085
26.610000000000408,0.00019737735750054915
26.62000000000041,0.0001948076612589022
26.63000000000041,0.000192287643710768
26.640000000000413,0.000189816037084059
26.650000000000414,0.0001873916136463026
26.660000000000416,0.0001850131842021784
26.670000000000417,0.0001826795966561816
26.68000000000042,0.00018038973463721823
26.69000000000042,0.00017814251618211282
26.700000000000422,0.0001759368924751715
26.710000000000424,0.00017377184664110057
26.720000000000425,0.00017164639258872213
26.730000000000427,0.00016955957390306814
26.74000000000043,0.00016751046278356055
26.75000000000043,0.00016549815902610726
26.76000000000043,0.00016352178904705683
26.770000000000433,0.00016158050494706342
26.780000000000435,0.00015967348361301296
26.790000000000436,0.00015779992585625806
26.800000000000438,0.00015595905558549975
26.81000000000044,0.00015415011901273655
26.82000000000044,0.00015237238389078538
26.830000000000442,0.00015062513878094996
26.840000000000444,0.0001489076923494879
26.850000000000446,0.00014721937269159213
26.860000000000447,0.000145559526681668
26.87000000000045,0.0001439275193487467
26.88000000000045,0.00014232273327593285
26.89000000000045,0.00014074456802283807
26.900000000000453,0.00013919243957000358
26.910000000000455,0.0001376657797843626
26.920000000000456,0.00013616403590483928
26.930000000000458,0.00013468667004722475
26.94000000000046,0.00013323315872751073
26.95000000000046,0.00013180299240290045
26.960000000000463,0.00013039567502975445
26.970000000000464,0.00012901072363776143
26.980000000000466,0.0001276476679196603
26.990000000000467,0.00012630604983586817
