0.0,113.04294373620496
1.0,120.92452236873126
2.0,129.27270817400282
3.0,138.10528485809658
4.0,147.43976830489945
5.0,157.29330415923167
6.0,167.6825596534149
7.0,178.62361000314627
8.0,190.1318197685743
9.0,202.2217196480395
10.0,214.90687924439806
11.0,228.199776416479
12.0,242.1116639002634
13.0,256.65243395502273
14.0,271.8304818580357
15.0,287.65256913675967
16.0,304.12368748853345
17.0,321.2469243941229
18.0,339.0233314817669
19.0,357.4517967419162
20.0,376.52892172870094
21.0,396.24890491145214
22.0,416.60343235753714
23.0,437.5815769356017
24.0,459.1697072253731
25.0,481.3514073058987
26.0,504.10740856798174
27.0,527.4155346582781
28.0,551.2506606117876
29.0,575.5846871662054
30.0,600.3865311758312
31.0,625.622132954643
32.0,651.2544812780782
33.0,677.2436566615095
34.0,703.5468934110166
35.0,730.1186608096472
36.0,756.9107636608827
37.0,783.8724622616107
38.0,810.9506117207663
39.0,838.089820378363
40.0,865.2326269143434
41.0,892.3196955691649
42.0,919.2900287299603
43.0,946.081195969234
44.0,972.6295784591573
45.0,998.8706275254356
46.0,1024.7391359522592
47.0,1050.1695205057931
48.0,1075.0961140098111
49.0,1099.453465185071
50.0,1123.1766443554852
51.0,1146.201553030544
52.0,1168.4652352961223
53.0,1189.9061888859464
54.0,1210.4646737646224
55.0,1230.0830160310325
56.0,1248.70590494874
57.0,1266.2806809281344
58.0,1282.7576123236388
59.0,1298.0901589682342
60.0,1312.2352204466004
61.0,1325.1533672067294
62.0,1336.809052727177
63.0,1347.1708050921975
64.0,1356.2113964785817
65.0,1363.9079892247396
66.0,1370.2422573327487
67.0,1375.2004824460296
68.0,1378.7736235470095
69.0,1380.9573598286186
70.0,1381.7521064085404
71.0,1381.1630027736107
72.0,1379.1998740613815
73.0,1375.8771655043427
74.0,1371.2138505773949
75.0,1365.2333135986619
76.0,1357.9632077354756
77.0,1349.4352895593302
78.0,1339.6852314738405
79.0,1328.7524135065069
80.0,1316.679696106729
81.0,1303.5131757276558
82.0,1289.3019250868504
83.0,1274.0977200993793
84.0,1257.9547555560844
85.0,1240.9293516788132
86.0,1223.07965372309
87.0,1204.4653268169068
88.0,1185.1472482222734
89.0,1165.1871991841904
90.0,1144.647558490474
91.0,1123.5909998061427
92.0,1102.0801947689013
93.0,1080.1775237388074
94.0,1057.9447959868298
95.0,1035.4429809851595
96.0,1012.7319523284585
97.0,989.8702456713547
98.0,966.9148319152059
99.0,943.9209067182612
100.0,920.9416972396411
101.0,898.0282868608729
102.0,875.2294584608522
103.0,852.591556652787
104.0,830.1583692266053
105.0,807.9710278790758
106.0,786.0679281579755
107.0,764.4846683974381
108.0,743.2540072803677
109.0,722.4058395316176
110.0,701.9671891234782
111.0,681.9622192636856
112.0,662.4122583363371
113.0,643.3358408782314
114.0,624.7487625976205
115.0,606.6641483793205
116.0,589.0925321696287
117.0,572.0419475964261
118.0,555.5180281539606
119.0,539.5241157677485
120.0,524.061376552323
121.0,509.1289225826047
122.0,494.72393851782545
123.0,480.84181194444153
124.0,467.4762663405162
125.0,454.6194956078024
126.0,442.26229916829215
127.0,430.39421667843374
128.0,419.00366147560214
129.0,408.0780519368494
130.0,397.6039399985151
131.0,387.56713615609533
132.0,377.95283033596405
133.0,368.7457081033254
134.0,359.9300617433727
135.0,351.48989582433273
136.0,343.40902692123154
137.0,335.671177247241
138.0,328.2600620048328
139.0,321.159470331219
140.0,314.35333977131336
141.0,307.8258242663789
142.0,301.5613556973857
143.0,295.54469906869645
144.0,289.7610014598979
145.0,284.1958349113331
146.0,278.8352334421545
147.0,273.66572442853277
148.0,268.6743545941181
149.0,263.84871088506907
150.0,259.1769365181053
151.0,254.64774250228905
152.0,250.2504149438168
153.0,245.97481844824046
154.0,241.8113959364914
155.0,237.75116519011945
156.0,233.78571243755192
157.0,229.90718328720655
158.0,226.10827130523143
159.0,222.38220452577045
160.0,218.72273017023423
161.0,215.1240978393495
162.0,211.58104142801602
163.0,208.0887599984545
164.0,204.64289783199916
165.0,201.23952386438506
166.0,197.87511069368477
167.0,194.54651333433915
168.0,191.25094787515275
169.0,187.98597018382176
170.0,184.74945478565405
171.0,181.5395740297245
172.0,178.35477764187277
173.0,175.19377275076673
174.0,172.0555044607724
175.0,168.93913703364143
176.0,165.84403573006983
177.0,162.76974935202176
178.0,159.71599351735063
179.0,156.68263468968922
180.0,153.66967497880705
181.0,150.6772377196284
182.0,147.70555383184794
183.0,144.75494895653875
184.0,141.82583136129014
185.0,138.9186806012005
186.0,136.03403691944587
187.0,133.1724913681081
188.0,130.33467662743232
189.0,127.52125849965307
190.0,124.73292805193852
191.0,121.9703943818112
192.0,119.23437797757141
193.0,116.52560464573754
194.0,113.84479997728879
195.0,111.19268432451328
196.0,108.56996826049819
197.0,105.97734849371348
198.0,103.41550421071224
199.0,100.8850938206679
200.0,98.38675207627207
201.0,95.9210875463997
202.0,93.48868041689501
203.0,91.09008059682301
204.0,88.72580610855026
205.0,86.39634174105484
206.0,84.10213794690439
207.0,81.84360996437368
208.0,79.62113714719146
209.0,77.43506248540191
210.0,75.28569230179502
211.0,73.17329610929589
212.0,71.09810661560371
213.0,69.06031986223353
214.0,67.06009548593576
215.0,65.09755709125044
216.0,63.172792723692424
217.0,61.28585543376287
218.0,59.43676392264044
219.0,57.62550326102377
220.0,55.85202567317705
221.0,54.11625137877329
222.0,52.41806948563737
223.0,50.75733892696539
224.0,49.13388943703859
225.0,47.547522559862834
226.0,45.998012685549206
227.0,44.48510810960913
228.0,43.008532110672185
229.0,41.56798404244578
230.0,40.16314043602705
231.0,38.79365610894917
232.0,37.459165277597904
233.0,36.15928266987281
234.0,34.893604635190236
235.0,33.66171024913493
236.0,32.46316241026461
237.0,31.2975089267572
238.0,30.164283590766242
239.0,29.063007238515993
240.0,27.993188794324446
241.0,26.954326296892308
242.0,25.945907906337315
243.0,24.967412890588196
244.0,24.01831258988139
245.0,23.098071358225997
246.0,22.206147480819705
247.0,21.341994066510285
248.0,20.505059914504074
249.0,19.694790354625365
250.0,18.910628060528207
251.0,18.152013835355973
252.0,17.41838736943304
253.0,16.709187969658768
254.0,16.023855260355347
255.0,15.36182985539879
