0.0,29.062947621093095
1.0,30.164211055745284
2.0,31.29742077667419
3.0,32.46305540672284
4.0,33.661580509096346
5.0,34.89344750836516
6.0,36.15909259395765
7.0,37.45893560758874
8.0,38.793378916160385
9.0,40.162806271757994
10.0,41.56758166045422
11.0,43.00804814171757
12.0,44.484526680308285
13.0,45.99731497262624
14.0,47.54668626955697
15.0,49.13288819793978
16.0,50.75614158285767
17.0,52.416639273021694
18.0,54.1145449715911
19.0,55.849992074836834
20.0,57.623082521117304
21.0,59.43388565269271
22.0,61.28243709295758
23.0,63.168737641718614
24.0,65.09275219118818
25.0,67.05440866540134
26.0,69.05359698579548
27.0,71.09016806571834
28.0,73.16393283664877
29.0,75.27466130892819
30.0,77.42208166980728
31.0,79.60587942161123
32.0,81.82569656281963
33.0,84.08113081484208
34.0,86.37173489724805
35.0,88.69701585417941
36.0,91.05643443463612
37.0,93.44940452928009
38.0,95.87529266634854
39.0,98.3334175692061
40.0,100.82304977799606
41.0,103.34341133777214
42.0,105.89367555540804
43.0,108.47296682748639
44.0,111.08036054126828
45.0,113.71488305073439
46.0,116.37551172957133
47.0,119.06117510285205
48.0,121.77075305902662
49.0,124.50307714370001
50.0,127.25693093652724
51.0,130.03105051240226
52.0,132.8241249879579
53.0,135.63479715422739
54.0,138.46166419614676
55.0,141.30327849940028
56.0,144.1581485449275
57.0,147.02473989122564
58.0,149.9014762443876
59.0,152.7867406156222
60.0,155.67887656580464
61.0,158.57618953640394
62.0,161.47694826593067
63.0,164.37938629084346
64.0,167.28170352964582
65.0,170.1820679486986
66.0,173.0786173080659
67.0,175.96946098550512
68.0,178.85268187650803
69.0,181.7263383680941
70.0,184.58846638385754
71.0,187.43708149756975
72.0,190.27018111244556
73.0,193.08574670298873
74.0,195.88174611614843
75.0,198.6561359283364
76.0,201.40686385467984
77.0,204.1318712067182
78.0,206.82909539458927
79.0,209.49647246959813
80.0,212.13193970291644
81.0,214.73343819602368
82.0,217.29891551837474
83.0,219.8263283676603
84.0,222.31364524792
85.0,224.75884916067147
86.0,227.15994030413188
87.0,229.5149387755357
88.0,231.8218872714889
89.0,234.07885378124942
90.0,236.28393426778612
91.0,238.4352553314415
92.0,240.53097685101227
93.0,242.56929459705987
94.0,244.54844281227764
95.0,246.46669675376666
96.0,248.32237519211114
97.0,250.1138428621978
98.0,251.83951286078803
99.0,253.49784898593057
100.0,255.08736801339452
101.0,256.6066419054051
102.0,258.0542999470837
103.0,259.42903080611967
104.0,260.72958451134673
105.0,261.9547743460441
106.0,263.10347865195166
107.0,264.17464254016096
108.0,265.1672795052288
109.0,266.08047293905787
110.0,266.9133775412919
111.0,267.66522062318825
112.0,268.3353033021522
113.0,268.9230015843483
114.0,269.42776733304095
115.0,269.8491291205611
116.0,270.1866929620451
117.0,270.4401429293468
118.0,270.60924164378474
119.0,270.6938306466473
120.0,270.6938306466473
121.0,270.60924164378474
122.0,270.4401429293468
123.0,270.1866929620451
124.0,269.8491291205611
125.0,269.42776733304095
126.0,268.9230015843483
127.0,268.3353033021522
128.0,267.66522062318825
129.0,266.9133775412919
130.0,266.08047293905787
131.0,265.1672795052288
132.0,264.17464254016096
133.0,263.10347865195166
134.0,261.9547743460441
135.0,260.72958451134673
136.0,259.42903080611967
137.0,258.0542999470837
138.0,256.6066419054051
139.0,255.08736801339452
140.0,253.49784898593057
141.0,251.83951286078803
142.0,250.1138428621978
143.0,248.32237519211114
144.0,246.46669675376666
145.0,244.54844281227764
146.0,242.56929459705987
147.0,240.53097685101227
148.0,238.4352553314415
149.0,236.28393426778612
150.0,234.07885378124942
151.0,231.8218872714889
152.0,229.5149387755357
153.0,227.15994030413188
154.0,224.75884916067147
155.0,222.31364524792
156.0,219.8263283676603
157.0,217.29891551837474
158.0,214.73343819602368
159.0,212.13193970291644
160.0,209.49647246959813
161.0,206.82909539458927
162.0,204.1318712067182
163.0,201.40686385467984
164.0,198.6561359283364
165.0,195.88174611614843
166.0,193.08574670298873
167.0,190.27018111244556
168.0,187.43708149756975
169.0,184.58846638385754
170.0,181.7263383680941
171.0,178.85268187650803
172.0,175.96946098550512
173.0,173.0786173080659
174.0,170.1820679486986
175.0,167.28170352964582
176.0,164.37938629084346
177.0,161.47694826593067
178.0,158.57618953640394
179.0,155.67887656580464
180.0,152.7867406156222
181.0,149.9014762443876
182.0,147.02473989122564
183.0,144.1581485449275
184.0,141.30327849940028
185.0,138.46166419614676
186.0,135.63479715422739
187.0,132.8241249879579
188.0,130.03105051240226
189.0,127.25693093652724
190.0,124.50307714370001
191.0,121.77075305902662
192.0,119.06117510285205
193.0,116.37551172957133
194.0,113.71488305073439
195.0,111.08036054126828
196.0,108.47296682748639
197.0,105.89367555540804
198.0,103.34341133777214
199.0,100.82304977799606
200.0,98.3334175692061
201.0,95.87529266634854
202.0,93.44940452928009
203.0,91.05643443463612
204.0,88.69701585417941
205.0,86.37173489724805
206.0,84.08113081484208
207.0,81.82569656281963
208.0,79.60587942161123
209.0,77.42208166980728
210.0,75.27466130892819
211.0,73.16393283664877
212.0,71.09016806571834
213.0,69.05359698579548
214.0,67.05440866540134
215.0,65.09275219118818
216.0,63.168737641718614
217.0,61.28243709295758
218.0,59.43388565269271
219.0,57.623082521117304
220.0,55.849992074836834
221.0,54.1145449715911
222.0,52.416639273021694
223.0,50.75614158285767
224.0,49.13288819793978
225.0,47.54668626955697
226.0,45.99731497262624
227.0,44.484526680308285
228.0,43.00804814171757
229.0,41.56758166045422
230.0,40.162806271757994
231.0,38.793378916160385
232.0,37.45893560758874
233.0,36.15909259395765
234.0,34.89344750836516
235.0,33.661580509096346
236.0,32.46305540672284
237.0,31.29742077667419
238.0,30.164211055745284
239.0,29.062947621093095
240.0,27.993139850365072
241.0,26.954286161691325
242.0,25.945875032361776
243.0,24.967385995098518
244.0,24.018290610922005
245.0,23.098053417697198
246.0,22.20613285353227
247.0,21.34198215428786
248.0,20.505050224538483
249.0,19.694782481410233
250.0,18.91062167079913
251.0,18.152008655553328
252.0,17.418383175278542
253.0,16.709184577500725
254.0,16.023852519991845
255.0,15.36182764413419
