0,87.69650235361908
1,95.61076105660365
2,104.14236420398306
3,113.3277639620915
4,123.20443662315807
5,133.81080087134154
6,145.18612329131795
7,157.3704106449624
8,170.404288507118
9,184.3288659264192
10,199.18558586165335
11,215.0160612381723
12,231.86189657219944
13,249.76449522324856
14,268.76485245583154
15,288.90333462063427
16,310.2194449016964
17,332.7515762189889
18,356.53675202419436
19,381.6103558803487
20,408.0058508720503
21,435.7544900508516
22,464.88501927873733
23,495.4233739896867
24,527.3923715435902
25,560.8114009965151
26,595.6961122547467
27,632.058106715425
28,669.9046316222003
29,709.2382804784954
30,750.0567019620911
31,792.3523198714281
32,836.1120667050405
33,881.3171335298825
34,927.9427388313891
35,975.9579190576119
36,1025.3253435718793
37,1076.0011567138874
38,1127.9348496391651
39,1181.0691645635027
40,1235.3400339847772
41,1290.6765573931648
42,1347.0010179161138
43,1404.2289412817174
44,1462.2691994289269
45,1521.0241610517212
46,1580.389891343632
47,1640.256403215907
48,1700.5079623038123
49,1761.0234481573166
50,1821.6767741395827
51,1882.3373687322785
52,1942.8707211708868
53,2003.138994602258
54,2063.0017102620664
55,2122.316506496849
56,2180.9399767819687
57,2238.728591182466
58,2295.5397059283778
59,2351.2326658789557
60,2405.6700045701077
61,2458.7187462039933
62,2510.251813267004
63,2560.1495423617134
64,2608.301309213657
65,2654.607261566717
66,2698.9801557165842
67,2741.347288664554
68,2781.652513235619
69,2819.8583179527195
70,2855.947946986256
71,2889.927528142972
72,2921.828168715318
73,2951.7079702405194
74,2979.653904049817
75,3005.78348023305
76,3030.2461336927727
77,3053.224242784827
78,3074.9336891793287
79,3095.6238626263807
80,3115.5770119122412
81,3133.1521914227496
82,3146.7583177572956
83,3156.8260122005204
84,3163.847923906793
85,3168.3721054832818
86,3170.993786515773
87,3172.3455822038086
88,3173.0862173993046
89,3173.8878928168688
90,3175.4224688906193
91,3178.3466922945745
92,3183.2867388619898
93,3190.822392649427
94,3201.4712221433592
95,3215.6731489597655
96,3233.7758297019627
97,3256.021285889078
98,3282.534218241267
99,3313.3124286441166
100,3348.219744806277
101,3386.9817985232103
102,3429.184948762224
103,3474.2785663882496
104,3521.580809883654
105,3570.287923224507
106,3619.4869811732915
107,3668.171897223221
108,3715.2623993172756
109,3759.6255725822166
110,3800.09947107072
111,3835.518216180023
112,3864.7379319643223
113,3886.662820384903
114,3900.2706553118956
115,3904.6369745679585
116,3898.957275227106
117,3882.5665683961543
118,3854.955724345523
119,3815.784134585269
120,3771.2507993391287
121,3727.6396802241675
122,3684.8628510903354
123,3642.8250502514984
124,3601.4256828175
125,3560.560720419888
126,3520.124480668742
127,3480.0112722243953
128,3440.1168948271807
129,3400.3399869388745
130,3360.5832167593026
131,3320.7543152483213
132,3280.7669523749482
133,3240.54146010924
134,3200.0054076551896
135,3159.094036089657
136,3117.750560925804
137,3075.926352169294
138,3033.5810021966054
139,2990.6822922770916
140,2947.206068807099
141,2903.136040351421
142,2858.463506422058
143,2813.1870285947994
144,2767.312054098567
145,2720.8505014381485
146,2673.820316953784
147,2626.2450105053176
148,2578.1531777163163
149,2529.5780154444687
150,2480.5568363758384
151,2431.1305878869102
152,2381.343379591875
153,2331.242023303008
154,2280.87558848661
155,2230.294975701092
156,2179.5525099606884
157,2128.7015554796376
158,2077.7961528175956
159,2026.8906790665478
160,1976.039531390487
161,1925.2968339487823
162,1874.7161679991686
163,1824.350324782736
164,1774.2510806372961
165,1724.468993662897
166,1675.0532211699494
167,1626.051357072577
168,1577.5092883435182
169,1529.4710696188486
170,1481.978815027649
171,1435.072606320692
172,1388.7904163807011
173,1343.1680472125072
174,1298.239081532603
175,1254.034847102554
176,1210.5843929781515
177,1167.9144768749932
178,1126.0495628805802
179,1085.0118287722678
180,1044.8211822291819
181,1005.4952852540566
182,967.0495861477997
183,929.4973584052233
184,892.8497459249097
185,857.1158139495261
186,822.3026051752524
187,788.4152004903834
188,755.456783823778
189,723.4287106037798
190,692.3305793476642
191,662.1603059206994
192,632.914200022679
193,604.5870434783739
194,577.172169926861
195,550.6615455231886
196,525.0458502843744
197,500.3145597303425
198,476.45602648911506
199,453.4575615543723
200,431.3055149023827
201,409.98535519425417
202,389.4817483084344
203,369.77863446736063
204,350.85930374106357
205,332.70646972932207
206,315.302341242592
207,298.6286918203211
208,282.66692694336575
209,267.39814881496596
210,252.8032186020859
211,238.8628160457855
212,225.55749636564914
213,212.86774439906912
214,200.77402593134727
215,189.25683618708308
216,178.29674546712155
217,167.874441928423
218,157.97077151654298
219,148.5667750719712
220,139.64372264235024
221,131.1831450425613
222,123.16686271383398
223,115.57701194140105
224,108.39606849777618
225,101.60686878550685
226,95.19262855924391
227,89.13695931219614
228,83.42388241652328
229,78.03784111098783
230,72.9637104322527
231,68.18680518862166
232,63.69288607678558
233,59.468164043306274
234,55.49930299316867
235,51.77342094779237
236,48.278089754463124
237,45.00133344824513
238,41.931625366113316
239,39.05788411133568
240,36.3694684640704
241,33.8561713317646
242,31.508212830280943
243,29.316232583771704
244,27.271281328200587
245,25.364811900113317
246,23.58866968880791
247,21.935082626487915
248,20.396650787321093
249,18.96633566260161
250,17.637449175448477
251,16.403642494692857
252,15.258894703830839
253,14.197501377167594
254,13.214063111572642
