0,85.69650235354763
1,93.61076105648239
2,102.14236420377836
3,111.32776396174768
4,121.20443662258333
5,131.81080087038524
6,143.18612328973398
7,155.3704106423506
8,168.4042885028307
9,182.32886591941298
10,197.18558585025477
11,213.0160612197101
12,229.86189654242915
13,247.76449517545697
14,266.76485237945
15,286.90333449910105
16,308.21944470917856
17,330.7515759153784
18,354.5367515475088
19,379.6103551352445
20,406.0058497125475
21,433.7544882544793
22,462.88501650803005
23,493.42336973512573
24,525.3923650394687
25,558.8113910974919
26,593.6960972556249
27,630.0580840893551
28,667.9045976422909
29,707.2382296736529
30,748.0566263384115
31,790.3522078037687
32,834.1119013670707
33,879.316890681787
34,925.9423837183612
35,973.9574020840771
36,1023.3245942993353
37,1074.0000755758958
38,1125.933296564836
39,1179.0669434377069
40,1233.3368715332833
41,1288.6720746444757
42,1344.9946918356181
43,1402.220053470167
44,1460.256767893734
45,1519.0068499586137
46,1578.365892295155
47,1638.2232799343649
48,1698.4624485672543
49,1758.961186392153
50,1819.591979154321
51,1880.222397625726
52,1940.7155264100907
53,2000.9304325926998
54,2060.722672389637
55,2119.944833590768
56,2178.4471112387855
57,2236.077913646691
58,2292.6844955321985
59,2348.113614743247
60,2402.2122087679186
61,2454.828086967927
62,2505.810634250812
63,2555.0115217049656
64,2602.285419566451
65,2647.4907077695075
66,2690.4901792557575
67,2731.151731181935
68,2769.3490391736987
69,2804.9622098243613
70,2837.8784067324373
71,2867.9924455105083
72,2895.2073533792486
73,2919.434889183292
74,2940.596019928272
75,2958.6213502385604
76,2973.4515014704125
77,2985.037437582296
78,2993.3407352597087
79,2998.3337962120563
80,3000.0000000000323
81,2996.379143536752
82,2985.5427742641987
83,2967.5691768006513
84,2942.5877784504455
85,2910.7775971261167
86,2872.3651050501717
87,2827.621543897392
88,2776.859735898543
89,2720.4304433380476
90,2658.7183356825662
91,2592.1376291441775
92,2521.1274677121205
93,2446.147117515639
94,2367.671047776872
95,2286.1839715811866
96,2202.175918270901
97,2116.1374065269697
98,2028.5547832410934
99,1939.905788222719
100,1850.6553987780562
101,1761.2520014050635
102,1672.1239304450432
103,1583.6764057008693
104,1496.2888929587725
105,1410.312903217197
106,1326.0702384071683
107,1243.8516836471636
108,1163.9161387597057
109,1086.490175016851
110,1011.7679969869309
111,939.9117840128805
112,871.05238132779
113,805.2903071473221
114,742.697039290084
115,683.3165429629081
116,627.1670002852733
117,574.2427018747345
118,524.5160613164521
119,477.9397145250507
120,434.4486677960847
121,393.96246065006085
122,356.3873123023985
123,321.6182236541979
124,289.5410099982752
125,260.03424308257433
126,232.97108468377837
127,208.22099733932964
128,185.6513212957334
129,165.128709993548
130,146.52041947301396
131,129.6954499069504
132,114.52554001735955
133,100.88601738680505
134,88.65650962191043
135,77.72152295957224
136,67.97089622963396
137,59.30013911043112
138,51.61066435105317
139,44.809924106214076
140,38.811460759672336
141,33.53488262608987
142,28.905774746537418
143,24.855554657686593
144,21.32128254712059
145,18.245434634412987
146,15.575647965585626
147,13.264444101382281
148,11.26893843946211
149,9.550541156723806
150,8.074655007595497
151,6.810374481772188
152,5.730190122508375
153,4.809701143674021
154,4.0273388675320865
155,3.364102940630914
156,2.803311775429949
157,2.33036821169531
158,1.9325409942509002
159,1.598762321061924
160,1.319441425575814
161,1.0862939166910603
162,0.8921864050346132
163,0.7309957913844208
164,0.5974824778316549
165,0.4871766803108879
166,0.39627696814515156
167,0.3215601280978887
168,0.2603014431454836
169,0.21020448609745657
170,0.16933955191700312
171,0.13608988708166928
172,0.10910491686271523
173,0.08725971962280357
174,0.06962004909788778
175,0.05541225941987689
176,0.04399754192674416
177,0.034849936442479204
178,0.02753763178159855
179,0.02170712004985612
180,0.017069816371867504
181,0.013390799637653047
182,0.01047937052074133
183,0.008181160290800741
184,0.00637155782567584
185,0.004950252795139586
186,0.0038367203704711655
187,0.0029664971789679514
188,0.0022881197668721924
189,0.0017606157708315387
190,0.0013514545478526259
191,0.0010348783987602114
192,0.00079054795810854
193,0.0006024460235403002
194,0.0004579932576151644
195,0.0003473369996497745
196,0.0002627810441156853
197,0.00019832983056122978
198,0.000149325187699939
199,0.00011215770635464438
200,8.403809339205385e-05
201,6.281657941720309e-05
202,4.684070234427329e-05
203,3.4843641319624717e-05
204,2.5856794988904626e-05
205,1.914153981856202e-05
206,1.4136115071407762e-05
207,1.0414400952476311e-05
208,7.65401902845726e-06
209,5.611717535023246e-06
210,4.104432232013462e-06
211,2.9947556826377917e-06
212,2.1798204741312654e-06
213,1.5828183578714376e-06
214,1.146548555308143e-06
215,8.285235278522433e-07
216,5.972666446749514e-07
217,4.295193155288754e-07
218,3.08140056401917e-07
219,2.205284566435394e-07
220,1.5744618429453607e-07
221,1.1213744673307791e-07
222,7.967465806483375e-08
223,5.647298901195826e-08
224,3.993120009631049e-08
225,2.8166635404251562e-08
226,1.9820226045011136e-08
227,1.391339951201424e-08
228,9.74336404949899e-09
229,6.806684569708502e-09
230,4.743657693292917e-09
231,3.297934918301956e-09
232,2.287293211920574e-09
233,1.5825324452792243e-09
234,1.0922811172919483e-09
235,7.520855604083573e-10
236,5.165960685679277e-10
237,3.539859007762722e-10
238,2.41975755053665e-10
239,1.6500943013153516e-10
240,1.1225267437853077e-10
241,7.61790671991641e-11
242,5.157338365729612e-11
243,3.4831054485516373e-11
244,2.3467057688793666e-11
245,1.577254157414218e-11
246,1.0575374169855151e-11
247,7.073605334713247e-12
248,4.719944908076737e-12
249,3.141839933990887e-12
250,2.0863261565606347e-12
251,1.3820742383837139e-12
252,9.133380741346557e-13
253,6.021196137698362e-13
254,3.9599071955428524e-13
