312.811454836566,3.7114712702670563
318.12599673488387,3.958901232544065
323.14885330476244,4.20367268681674
328.15007584438746,4.458101259680011
333.18374942939283,4.725115191351139
338.1746958046474,5.00080946765788
343.5749022788892,5.311491802296948
348.0972336395603,5.581624651797334
353.22298361092044,5.89880609603401
357.97105446244336,6.20305023748062
363.14526561704474,6.545994210478224
368.5962651032449,6.920058349579566
373.6641326654197,7.279473230543457
378.0642171575438,7.600509758936537
383.5924321821593,8.015489179499719
388.1912883399041,8.370376844265676
393.4342308346569,8.785405304894756
398.664801852046,9.210198371259366
403.52753884097183,9.614393218793007
408.71592349936657,10.055091323344904
413.0875393512869,10.433622619476418
418.51308795950956,10.91206850278944
423.8898148979415,11.39504673997997
428.2745169701111,11.794930895622722
432.4112600317711,12.1767556019315
434.9194094504349,12.410253743122492
439.1949041474894,12.811465818854996
444.5229906401397,13.316473517041507
449.56910379254083,13.799122445479625
454.5714080336785,14.280959359962779
459.76738857503943,14.784119039789518
464.6133352181413,15.25498664786831
469.62753817591846,15.742939481026657
474.6464735778136,16.231172050767555
480.05469318999917,16.755955672968
484.6934036317724,17.20405779298517
494.91045900567644,18.180317236373313
499.8470479875694,18.64469055676975
504.6406047605707,19.089733715001767
509.94128425804774,19.573976945774568
514.870566007013,20.01578252772435
519.8562390873934,20.45322873232969
524.8504725820557,20.880878543660895
530.3356559195832,21.33715045934186
534.9079072108935,21.70578437959474
539.6586530893218,22.076643296151527
545.1735039401789,22.49047294560264
550.0099555823466,22.83765856749672
555.015404114659,23.180530148202774
560.1713777110308,23.515262438413703
564.9324317739773,23.80690322061275
570.2335481666594,24.11100371622762
574.8690724101428,24.358400646723325
580.5689563196962,24.638004808591454
585.2065130826252,24.84482323734698
590.2556009141862,25.04827068337797
595.2411387818773,25.226378780515862
600.2225693802179,25.381227706705104
605.7184794754427,25.524738187445088
610.2959167972265,25.622031037652153
615.3041703966838,25.705034366075505
620.2926829435349,25.763124392997828
625.0237308844831,25.79539264561537
630.1684012056954,25.805165279386735
635.2855335472832,25.788692494994105
640.2726939672434,25.747549335041924
645.5213821108572,25.677632311811884
649.4194742350937,25.608169044563382
655.0279075342465,25.48227446592557
659.6606231360798,25.355478728338607
664.2634828991472,25.20939587095078
669.639270782051,25.013889622783598
674.5492864633645,24.81240672472691
679.9567478836137,24.565874096398062
684.415722414148,24.34371149272624
687.6296851283977,24.173298068300145
691.1027256584232,23.979718043622654
696.2712242207276,23.674049745518616
701.3311851704736,23.355191924831008
705.7762331065449,23.059783194851185
708.026156840867,22.905013130083343
712.7608682081349,22.568266433982732
716.4064924536307,22.29917980501701
721.8990130859268,21.878575559383957
726.4981641580936,21.513177768131033
731.1085632465724,21.13565246641576
736.4862766923006,20.68216698940875
741.4723554107482,20.25016143264347
746.7703585168687,19.780164818309135
750.9871806608425,19.39883582683016
756.4946449498872,18.892269069736752
761.5240699543291,18.42234971084106
766.4498317432391,17.956414482262243
771.4635208344508,17.477413800252055
776.2186005712989,17.019638878401008
781.2767677700385,16.52996699738724
786.1718282317222,16.05437258311679
791.1157205911752,15.5732677124825
796.0947682497903,15.088891122738008
801.3242206439819,14.581308391754765
805.6742052765715,14.16070860511145
810.9886431651286,13.649723973488106
815.9314087521726,13.178114820272201
821.2662529450816,12.673920380537487
825.4325257660889,12.28421466326089
830.5592139873239,11.810194917308708
836.1593692434245,11.300143272552763
840.7296094053817,10.890469932197645
845.6645777273553,10.455276876168128
850.6311137051404,10.025319526305502
855.1650545250315,9.640236995150008
860.5600751949626,9.191719756855573
865.5153254202987,8.789451376106873
870.1457751205679,8.422246451129427
875.3694083764506,8.018398066349837
880.3917761932474,7.640774933429728
885.2806186937406,7.28345276773632
890.2672382629445,6.929592350124339
895.2251927420624,6.588527786561953
900.5151732286305,6.236572221048652
904.3144604575041,5.99145420464619
