312.811454836566,0.00010636398255724906
318.12599673488387,0.00012955460297265573
323.14885330476244,0.00015583977154223663
328.15007584438746,0.00018700445026198154
333.18374942939283,0.0002242991785472502
338.1746958046474,0.000268181116086934
343.5749022788892,0.000324789094366089
348.0972336395603,0.0003807339395778698
353.22298361092044,0.0004551499049537071
357.97105446244336,0.0005361842027788386
363.14526561704474,0.0006399364862291943
368.5962651032449,0.0007695792003433513
373.6641326654197,0.0009119849012995864
378.0642171575438,0.0010554052182786683
383.5924321821593,0.001265728939482185
388.1912883399041,0.0014700713569767562
393.4342308346569,0.001740653534926492
398.664801852046,0.002056559778560234
403.52753884097183,0.002397647807908262
408.71592349936657,0.002819407011287864
413.0875393512869,0.003227477172463759
418.51308795950956,0.003810419086579172
423.8898148979415,0.00448347942181978
428.2745169701111,0.005112353263243605
432.4112600317711,0.005779711826845413
434.9194094504349,0.006222699434841762
439.1949041474894,0.007050867612226384
444.5229906401397,0.008225166764841346
449.56910379254083,0.009500987750800424
454.5714080336785,0.010943115337009321
459.76738857503943,0.012651523805359837
464.6133352181413,0.014461552886654537
469.62753817591846,0.01658085105684351
474.6464735778136,0.01898214746245046
480.05469318999917,0.021920242116989997
484.6934036317724,0.02476258363073353
494.91045900567644,0.03223181165447427
499.8470479875694,0.03652149241255582
504.6406047605707,0.04117020060575788
509.94128425804774,0.04692113468922875
514.870566007013,0.052901121278507254
519.8562390873934,0.05962945220665281
524.8504725820557,0.06711874979190219
530.3356559195832,0.07629010521032889
534.9079072108935,0.08475919601870828
539.6586530893218,0.09442049144764499
545.1735039401789,0.10682875013839828
550.0099555823466,0.11885255915440765
555.015404114659,0.1325114615892056
560.1713777110308,0.14797249791919886
564.9324317739773,0.1635958931259905
570.2335481666594,0.18262365690384832
574.8690724101428,0.20076733622515416
580.5689563196962,0.225135692466495
585.2065130826252,0.24674465850382582
590.2556009141862,0.272203835143106
595.2411387818773,0.2994326483415083
600.2225693802179,0.32882927844231535
605.7184794754427,0.36394108878944226
610.2959167972265,0.39543828633446293
615.3041703966838,0.43235721479073735
620.2926829435349,0.4717928425957916
625.0237308844831,0.5117473933612524
630.1684012056954,0.5581240100955416
635.2855335472832,0.6073853691412281
640.2726939672434,0.6584988339650647
645.5213821108572,0.7156966342361484
649.4194742350937,0.7604879160431621
655.0279075342465,0.8284604949195583
659.6606231360798,0.887798996306323
664.2634828991472,0.9496531098133626
669.639270782051,1.0255844501769422
674.5492864633645,1.0984288740545338
679.9567478836137,1.1825121733641681
684.415722414148,1.2548756401926442
687.6296851283977,1.3087176833164333
691.1027256584232,1.368468546879122
696.2712242207276,1.4603589861428747
701.3311851704736,1.5536835886272458
705.7762331065449,1.6383282296485089
708.026156840867,1.6820925269258589
712.7608682081349,1.776139390360671
716.4064924536307,1.8502867192075272
721.8990130859268,1.9646819166445126
726.4981641580936,2.0627850791790405
731.1085632465724,2.163063611323376
736.4862766923006,2.282227391282237
741.4723554107482,2.3945530157548878
746.7703585168687,2.5155197723704776
750.9871806608425,2.612750426166715
756.4946449498872,2.7406567218749975
761.5240699543291,2.858005842483527
766.4498317432391,2.9730721125495885
771.4635208344508,3.089951869311854
776.2186005712989,3.2002196717387315
781.2767677700385,3.3164939244753087
786.1718282317222,3.4276180939102527
791.1157205911752,3.5380433278007177
796.0947682497903,3.646999798133035
801.3242206439819,3.7585359623894425
805.6742052765715,3.848702856449472
810.9886431651286,3.955206568150981
815.9314087521726,4.050238746969848
821.2662529450816,4.147988808372624
825.4325257660889,4.2205419387781005
830.5592139873239,4.304905782278597
836.1593692434245,4.390425339353669
840.7296094053817,4.454752600576636
845.6645777273553,4.518391589800621
850.6311137051404,4.576049862944503
855.1650545250315,4.622864118569651
860.5600751949626,4.671069856823376
865.5153254202987,4.70794955766413
870.1457751205679,4.735851231360918
875.3694083764506,4.759571731600143
880.3917761932474,4.77451359795009
885.2806186937406,4.781581587694975
890.2672382629445,4.781157851985508
895.2251927420624,4.773096374005212
900.5151732286305,4.756138656722779
904.3144604575041,4.73868542694348
