312.811454836566,48.711577634249615
318.12599673488387,48.959030787147036
323.14885330476244,49.20382852658828
328.15007584438746,49.458288264130275
333.18374942939283,49.725339490529684
338.1746958046474,50.001077648773965
343.5749022788892,50.31181659139131
348.0972336395603,50.58200538573691
353.22298361092044,50.899261245938966
357.97105446244336,51.2035864216834
363.14526561704474,51.54663414696445
368.5962651032449,51.92082792877991
373.6641326654197,52.28038521544475
378.0642171575438,52.60156516415481
383.5924321821593,53.016754908439204
388.1912883399041,53.371846915622655
393.4342308346569,53.78714595842968
398.664801852046,54.212254931037926
403.52753884097183,54.616790866600915
408.71592349936657,55.05791073035619
413.0875393512869,55.43685009664888
418.51308795950956,55.915878921876015
423.8898148979415,56.39953021940179
428.2745169701111,56.80004324888596
432.4112600317711,57.18253531375834
434.9194094504349,57.41647644255733
439.1949041474894,57.81851668646722
444.5229906401397,58.324698683806346
449.56910379254083,58.80862343323042
454.5714080336785,59.291902475299786
459.76738857503943,59.796770563594876
464.6133352181413,60.269448200754965
469.62753817591846,60.7595203320835
474.6464735778136,61.25015419823001
480.05469318999917,61.77787591508499
484.6934036317724,62.2288203766159
494.91045900567644,63.21254904802778
499.8470479875694,63.68121204918231
504.6406047605707,64.13090391560752
509.94128425804774,64.6208980804638
514.870566007013,65.06868364900285
519.8562390873934,65.51285818453634
524.8504725820557,65.9479972934528
530.3356559195832,66.41344056455219
534.9079072108935,66.79054357561344
539.6586530893218,67.17106378759917
545.1735039401789,67.59730169574104
550.0099555823466,67.95651112665112
555.015404114659,68.31304160979198
560.1713777110308,68.6632349363329
564.9324317739773,68.97049911373874
570.2335481666594,69.29362737313147
574.8690724101428,69.55916798294848
580.5689563196962,69.86314050105796
585.2065130826252,70.0915678958508
590.2556009141862,70.32047451852108
595.2411387818773,70.52581142885737
600.2225693802179,70.71005698514742
605.7184794754427,70.88867927623453
610.2959167972265,71.01746932398662
615.3041703966838,71.13739158086625
620.2926829435349,71.23491723559363
625.0237308844831,71.30714003897663
630.1684012056954,71.36328928948228
635.2855335472832,71.39607786413534
640.2726939672434,71.406048169007
645.5213821108572,71.39332894604803
649.4194742350937,71.36865696060654
655.0279075342465,71.31073496084512
659.6606231360798,71.24327772464493
664.2634828991472,71.15904898076414
669.639270782051,71.03947407296054
674.5492864633645,70.91083559878145
679.9567478836137,70.74838626976222
684.415722414148,70.59858713291888
687.6296851283977,70.48201575161659
691.1027256584232,70.34818659050177
696.2712242207276,70.1344087316615
701.3311851704736,69.90887551345826
705.7762331065449,69.6981114244997
708.026156840867,69.5871056570092
712.7608682081349,69.3444058243434
716.4064924536307,69.14946652422454
721.8990130859268,68.84325747602847
726.4981641580936,68.57596284731008
731.1085632465724,68.29871607773913
736.4862766923006,67.96439438069099
741.4723554107482,67.64471444839836
746.7703585168687,67.29568459067961
750.9871806608425,67.01158625299688
756.4946449498872,66.63292579161175
761.5240699543291,66.2803555533246
766.4498317432391,65.92948659481183
771.4635208344508,65.56736566956391
776.2186005712989,65.21985855013975
781.2767677700385,64.84646092186256
786.1718282317222,64.48199067702704
791.1157205911752,64.11131104028321
796.0947682497903,63.73589092087104
801.3242206439819,63.339844354144205
805.6742052765715,63.00941146156092
810.9886431651286,62.604930541639085
815.9314087521726,62.22835356724205
821.2662529450816,61.82190918891011
825.4325257660889,61.504756602038995
830.5592139873239,61.1151006995873
836.1593692434245,60.69056861190643
840.7296094053817,60.34522253277428
845.6645777273553,59.97366846596875
850.6311137051404,59.60136938925
855.1650545250315,59.26310111371966
860.5600751949626,58.86278961367895
865.5153254202987,58.497400933771004
870.1457751205679,58.15809768249034
875.3694083764506,57.77796979794998
880.3917761932474,57.415288531379815
885.2806186937406,57.065034355431294
890.2672382629445,56.71075020210985
895.2251927420624,56.36162416056717
900.5151732286305,55.99271087777143
904.3144604575041,55.730139631589665
