0,36.33039030318359
1,40.15620118852811
2,44.34113236245908
3,48.91392782755869
4,53.905105148862496
5,59.34701186886405
6,65.27387823493873
7,71.72186553572564
8,78.72910930344136
9,86.33575660169522
10,94.58399658368421
11,103.51808347427111
12,113.18435110199856
13,123.63121808420762
14,134.9091827507583
15,147.0708068800533
16,160.17068731580449
17,174.26541453490702
18,189.4135172465463
19,205.67539212086638
20,223.11321777277902
21,241.79085216331785
22,261.7737126278604
23,283.12863779796885
24,305.9237307519246
25,330.2281828085149
26,356.1120774694928
27,383.6461741184443
28,412.9016711975631
29,443.9499487089075
30,476.86229002284614
31,511.7095831231826
32,548.56200157537
33,587.4886656705912
34,628.5572843734698
35,671.833778883828
36,717.381888812084
37,765.2627621623178
38,815.5345305153268
39,868.2518710045758
40,923.465556879151
41,981.221998647842
42,1041.5627779954004
43,1104.5241768538529
44,1170.1367041963906
45,1238.4246232966861
46,1309.405482360323
47,1383.0896515851643
48,1459.4798698417246
49,1538.5708042808458
50,1620.348626272011
51,1704.7906071495493
52,1791.8647372938085
53,1881.5293720983416
54,1973.732908370711
55,2068.413494682174
56,2165.498779119151
57,2264.9056977959904
58,2366.5403073634875
59,2470.2976645904387
60,2576.0617559061807
61,2683.7054795707536
62,2793.090682886606
63,2904.0682565825477
64,3016.4782881881556
65,3130.1502758766915
66,3244.9034038886684
67,3360.546880258868
68,3476.880337159327
69,3593.694293742687
70,3710.7706809272822
71,3827.8834271111486
72,3944.799103340266
73,4061.277625990813
74,4177.073014560089
75,4291.934201700146
76,4405.605892176511
77,4517.829466995859
78,4628.343928525529
79,4736.8868820286
80,4843.195548665029
81,4947.007804666169
82,5048.063241080602
83,5146.104238217227
84,5240.877048680332
85,5332.13288270375
86,5419.628989349895
87,5503.129727046607
88,5582.407616892038
89,5657.244372166676
90,5727.431897552584
91,5792.773251673679
92,5853.083566736734
93,5908.19091927037
94,5957.937146227087
95,6002.178601029751
96,6040.78684450642
97,6073.649266063447
98,6100.669630892949
99,6121.768549493462
100,6136.883866297962
101,6145.970964746739
102,6149.00298670954
103,6145.970964746739
104,6136.883866297962
105,6121.768549493462
106,6100.669630892949
107,6073.649266063447
108,6040.78684450642
109,6002.178601029751
110,5957.937146227087
111,5908.19091927037
112,5853.083566736734
113,5792.773251673679
114,5727.431897552584
115,5657.244372166676
116,5582.407616892038
117,5503.129727046607
118,5419.628989349895
119,5332.13288270375
120,5240.877048680332
121,5146.104238217227
122,5048.063241080602
123,4947.007804666169
124,4843.195548665029
125,4736.8868820286
126,4628.343928525529
127,4517.829466995859
128,4405.605892176511
129,4291.934201700146
130,4177.073014560089
131,4061.277625990813
132,3944.799103340266
133,3827.8834271111486
134,3710.7706809272822
135,3593.694293742687
136,3476.880337159327
137,3360.546880258868
138,3244.9034038886684
139,3130.1502758766915
140,3016.4782881881556
141,2904.0682565825477
142,2793.090682886606
143,2683.7054795707536
144,2576.0617559061807
145,2470.2976645904387
146,2366.5403073634875
147,2264.9056977959904
148,2165.498779119151
149,2068.413494682174
150,1973.732908370711
151,1881.5293720983416
152,1791.8647372938085
153,1704.7906071495493
154,1620.348626272011
155,1538.5708042808458
156,1459.4798698417246
157,1383.0896515851643
158,1309.405482360323
159,1238.4246232966861
160,1170.1367041963906
161,1104.5241768538529
162,1041.5627779954004
163,981.221998647842
164,923.465556879151
165,868.2518710045758
166,815.5345305153268
167,765.2627621623178
168,717.381888812084
169,671.833778883828
170,628.5572843734698
171,587.4886656705912
172,548.56200157537
173,511.7095831231826
174,476.86229002284614
175,443.9499487089075
176,412.9016711975631
177,383.6461741184443
178,356.1120774694928
179,330.2281828085149
180,305.9237307519246
181,283.12863779796885
182,261.7737126278604
183,241.79085216331785
184,223.11321777277902
185,205.67539212086638
186,189.4135172465463
187,174.26541453490702
188,160.17068731580449
189,147.0708068800533
190,134.9091827507583
191,123.63121808420762
192,113.18435110199856
193,103.51808347427111
194,94.58399658368421
195,86.33575660169522
196,78.72910930344136
197,71.72186553572564
198,65.27387823493873
199,59.34701186886405
200,53.905105148862496
201,48.91392782755869
202,44.34113236245908
203,40.15620118852811
204,36.33039030318359
205,32.83666982599085
206,29.649662153025456
207,26.74557828290738
208,24.102152848304236
209,21.698578343648208
210,19.515438997258112
211,17.534644694313048
212,15.739365316461397
213,14.113965824501646
214,12.64394237274044
215,11.315859707481872
216,10.117290067764696
217,9.036753774041586
218,8.063661660060896
219,7.188259474814902
220,6.401574355081331
221,5.695363444810505
222,5.062064715379466
223,4.494750020514155
224,3.987080401419591
225,3.53326364129524
226,3.128014053874039
227,2.7665144778275783
228,2.4443804377372773
229,2.1576264227481916
230,1.9026342258997777
231,1.6761232803667145
232,1.4751229233410275
233,1.296946513943064
234,1.1391673282635246
235,0.9995961523132226
236,0.8762604921967443
237,0.7673853201384342
238,0.6713752749865431
239,0.5867982364201616
240,0.5123701932049981
241,0.44694132741411574
242,0.3894832384794446
243,0.33907723320554334
244,0.29490361039987073
245,0.256231871500248
246,0.22241179146149878
247,0.192865287155686
248,0.16707902360471708
249,0.14459770146560297
250,0.12501797229684625
251,0.10798293122268576
252,0.09317713965742329
253,0.08032213373536284
254,0.06917237699679628
