0,3.9824328212616433
1,4.531548079257105
2,5.150007975167489
3,5.8456443158695075
4,6.627046953779886
5,7.503620899021215
6,8.485645738607484
7,9.584337201958336
8,10.811910670950665
9,12.181646388305934
10,13.707956070479298
11,15.406450580507599
12,17.294008262688962
13,19.388843484773822
14,21.710574874879985
15,24.280292680007673
16,27.120624611305157
17,30.25579947867973
18,33.71170785459525
19,37.51595894466382
20,41.69793278171481
21,46.288826801276365
22,51.32169580077423
23,56.83148423324261
24,62.85504974001923
25,69.43117678687715
26,76.60057923548639
27,84.40589065818655
28,92.89164118998376
29,102.10421970866926
30,112.09182014316667
31,122.90437073280165
32,134.59344509724082
33,147.21215402937304
34,160.8150169923227
35,175.45781238787615
36,191.19740576751238
37,208.09155527943426
38,226.19869378577224
39,245.577687243555
40,266.28756912094104
41,288.38725081616184
42,311.93520825995824
43,336.98914511202366
44,363.60563320683355
45,391.839731162678
46,421.74458233785623
47,453.37099359764994
48,486.7669966424303
49,521.9773939382692
50,559.0432915837537
51,598.0016217370134
52,638.8846575118288
53,681.7195235273776
54,726.5277055588975
55,773.3245629823464
56,822.1188479310607
57,872.9122352824296
58,925.6988677637862
59,980.464920605241
60,1037.1881902693447
61,1095.837711849883
62,1156.3734097515758
63,1218.7457862362317
64,1282.8956523466177
65,1348.7539055950135
66,1416.2413586277958
67,1485.2686228496339
68,1555.7360507107583
69,1627.5337400288247
70,1700.541603334223
71,1774.6295047961746
72,1849.6574668091623
73,1925.4759477983823
74,2001.926192243029
75,2078.8406533218385
76,2156.043487961807
77,2233.3511234241105
78,2310.572893897459
79,2387.5117448951937
80,2463.9650025756932
81,2539.725204433577
82,2614.5809871496
83,2688.318026747823
84,2760.720025597572
85,2831.5697402225583
86,2900.6500433479714
87,2967.7450131355336
88,3032.641042133294
89,3095.127958107579
90,3155.0001486346596
91,3212.057681114229
92,3266.1074097298374
93,3316.9640608261457
94,3364.4512882015597
95,3408.4026899286696
96,3448.662778514215
97,3485.087896494115
98,3517.5470699256202
99,3545.922792684765
100,3570.111734999183
101,3590.025370238874
102,3605.590514644861
103,3616.7497753910525
104,3623.4619031404727
105,3625.7020460651347
106,3623.4619031404727
107,3616.7497753910525
108,3605.590514644861
109,3590.025370238874
110,3570.111734999183
111,3545.922792684765
112,3517.5470699256202
113,3485.087896494115
114,3448.662778514215
115,3408.4026899286696
116,3364.4512882015597
117,3316.9640608261457
118,3266.1074097298374
119,3212.057681114229
120,3155.0001486346596
121,3095.127958107579
122,3032.641042133294
123,2967.7450131355336
124,2900.6500433479714
125,2831.5697402225583
126,2760.720025597572
127,2688.318026747823
128,2614.5809871496
129,2539.725204433577
130,2463.9650025756932
131,2387.5117448951937
132,2310.572893897459
133,2233.3511234241105
134,2156.043487961807
135,2078.8406533218385
136,2001.926192243029
137,1925.4759477983823
138,1849.6574668091623
139,1774.6295047961746
140,1700.541603334223
141,1627.5337400288247
142,1555.7360507107583
143,1485.2686228496339
144,1416.2413586277958
145,1348.7539055950135
146,1282.8956523466177
147,1218.7457862362317
148,1156.3734097515758
149,1095.837711849883
150,1037.1881902693447
151,980.464920605241
152,925.6988677637862
153,872.9122352824296
154,822.1188479310607
155,773.3245629823464
156,726.5277055588975
157,681.7195235273776
158,638.8846575118288
159,598.0016217370134
160,559.0432915837537
161,521.9773939382692
162,486.7669966424303
163,453.37099359764994
164,421.74458233785623
165,391.839731162678
166,363.60563320683355
167,336.98914511202366
168,311.93520825995824
169,288.38725081616184
170,266.28756912094104
171,245.577687243555
172,226.19869378577224
173,208.09155527943426
174,191.19740576751238
175,175.45781238787615
176,160.8150169923227
177,147.21215402937304
178,134.59344509724082
179,122.90437073280165
180,112.09182014316667
181,102.10421970866926
182,92.89164118998376
183,84.40589065818655
184,76.60057923548639
185,69.43117678687715
186,62.85504974001923
187,56.83148423324261
188,51.32169580077423
189,46.288826801276365
190,41.69793278171481
191,37.51595894466382
192,33.71170785459525
193,30.25579947867973
194,27.120624611305157
195,24.280292680007673
196,21.710574874879985
197,19.388843484773822
198,17.294008262688962
199,15.406450580507599
200,13.707956070479298
201,12.181646388305934
202,10.811910670950665
203,9.584337201958336
204,8.485645738607484
205,7.503620899021215
206,6.627046953779886
207,5.8456443158695075
208,5.150007975167489
209,4.531548079257105
210,3.9824328212616433
211,3.4955337576410317
212,3.0643736444938625
213,2.6830768498154223
214,2.3463223713025805
215,2.0492994645664955
216,1.7876658648869752
217,1.5575085667728097
218,1.3553071094192417
219,1.177899302505905
220,1.0224493154765129
221,0.8864180443024795
222,0.7675356625715505
223,0.6637762583762322
224,0.5733344547250857
225,0.4946039088878932
226,0.426157585045106
227,0.36672969468252214
228,0.31519920020244424
229,0.27057477907077987
230,0.23198114835398764
231,0.19864665259902853
232,0.16989202156262637
233,0.14512020820259053
234,0.12380722151335948
235,0.10549387313973983
236,0.08977836116604397
237,0.07630961899039998
238,0.0647813617023941
239,0.05492676684072359
240,0.04651373077786901
241,0.039340646229302584
242,0.033232650489901996
243,0.028038297940038162
244,0.023626614123134528
245,0.01988449226463426
246,0.016714396472345378
247,0.014032339026474949
248,0.011766102133569793
249,0.009853677283726945
250,0.008241897918500402
251,0.006885243493239114
252,0.005744795208789434
253,0.004787325701243306
254,0.003984506823142536
