0,3.422525346585624e-16
1,6.362228340697916e-16
2,1.177447719777737e-15
3,2.1694208828976106e-15
4,3.979383565899964e-15
5,7.267040658606349e-15
6,1.3212018719204122e-14
7,2.391390903602756e-14
8,4.309250769359974e-14
9,7.730770220277295e-14
10,1.3807452712713533e-13
11,2.4551281527457313e-13
12,4.346148591724022e-13
13,7.659576832081748e-13
14,1.343924234807855e-12
15,2.347548624925138e-12
16,4.0824813546516726e-12
17,7.06811530223993e-12
18,1.2182960705908108e-11
19,2.0906044173066786e-11
20,3.571582499010564e-11
21,6.07462273290125e-11
22,1.0286028852600962e-10
23,1.7339875208885222e-10
24,2.910140783988967e-10
25,4.862412883158592e-10
26,8.088341319951414e-10
27,1.3394820817099268e-09
28,2.2084325998368514e-09
29,3.624943089079014e-09
30,5.923631558352673e-09
31,9.637062732521816e-09
32,1.5608858234128895e-08
33,2.5169082752684602e-08
34,4.0404844846903556e-08
35,6.457572644940103e-08
36,1.0274837447570665e-07
37,1.6276102700743806e-07
38,2.5668216016037954e-07
39,4.030052945614967e-07
40,6.299348279882284e-07
41,9.80280336703899e-07
42,1.5187096918587939e-06
43,2.3424430442514774e-06
44,3.5969393728002898e-06
45,5.498788273635493e-06
46,8.368944354959762e-06
47,1.2680727353620722e-05
48,1.9128787909869812e-05
49,2.872767912413319e-05
50,4.295200414558059e-05
51,6.39346256713571e-05
52,9.474550675696258e-05
53,0.00013978189425378813
54,0.00020531138010597877
55,0.00030022366716444485
56,0.00043706560497854143
57,0.0006334584570573093
58,0.0009140278920134575
59,0.0013130176407121269
60,0.0018778092568072732
61,0.002673635459942879
62,0.003789856026548544
63,0.005348266421852404
64,0.007514034023073706
65,0.010510008889002975
66,0.014635339852383664
67,0.02028954661679355
68,0.028003458787037697
69,0.03847873720851553
70,0.05263804471029051
71,0.07168833414376603
72,0.09720017142525686
73,0.1312065074962804
74,0.176324849693666
75,0.23590734966207536
76,0.3142239060657767
77,0.4166839541196535
78,0.5501031512849808
79,0.7230216321995243
80,0.9460808501310339
81,1.2324661919809081
82,1.598422485178434
83,2.0638491354798147
84,2.6529808656463456
85,3.395158782565783
86,4.3256946996106365
87,5.486829199884952
88,6.928780770867577
89,8.710879413031618
90,10.902773387782618
91,13.585692217383276
92,16.85374271423404
93,20.81520777921376
94,25.593810104356933
95,31.32989494155315
96,38.18147802042042
97,46.32509684771506
98,55.9563963969763
99,67.29037406055178
100,80.56120419625408
101,96.02156020034742
102,113.94135233128705
103,134.60580303255935
104,158.3127887481258
105,185.36938859687461
106,216.08759605843477
107,250.7791701478333
108,289.7496273519466
109,333.29140457158957
110,381.6762559149465
111,435.1469816134599
112,493.9086245095831
113,558.1193071773799
114,627.8809192442213
115,703.2298981770148
116,784.1283758658826
117,870.4559859418592
118,962.0026411278075
119,1058.4625944328288
120,1159.43009131673
121,1264.3969010971036
122,1372.7519843302468
123,1483.7835086858083
124,1596.683369558844
125,1710.554304541574
126,1824.4196147397522
127,1937.2354231648742
128,2047.905313959926
129,2155.2971093091373
130,2258.2614570807295
131,2355.6518251885877
132,2446.3454318843637
133,2529.264587991498
134,2603.397890310248
135,2667.820687295468
136,2721.7142401299375
137,2764.3830251305094
138,2795.26966676679
139,2813.967053250654
140,2820.227266585364
141,2818.660908799155
142,2813.9670532506543
143,2806.161324411905
144,2795.2696667667915
145,2781.328201141728
146,2764.383025130511
147,2744.4899591565227
148,2721.7142401299398
149,2696.1301650526552
150,2667.8206872954706
151,2636.876968617178
152,2603.3978903102507
153,2567.489527140067
154,2529.2645879915012
155,2488.841827346205
156,2446.3454318843674
157,2401.904386635058
158,2355.651825188592
159,2307.724368532602
160,2258.261457080734
161,2207.4046804298246
162,2155.297109309142
163,2102.0826340752187
164,2047.9053139599307
165,1992.9087410999232
166,1937.235423164879
167,1881.0261881632198
168,1824.4196147397572
169,1767.551490993785
170,1710.554304541579
171,1653.5567662277363
172,1596.6833695588487
173,1540.053987594279
174,1483.7835086858133
175,1427.9815121142888
176,1372.7519843302514
177,1318.1930761706058
178,1264.3969010971084
179,1211.449374188304
180,1159.4300913167344
181,1108.412247660319
182,1058.462594432833
183,1009.641432475137
184,962.0026411278116
185,915.5937406082337
186,870.4559859418629
187,826.6244903491013
188,784.128375865886
189,742.9909488781316
190,703.2298981770178
191,664.8575130933676
192,627.8809192442245
193,592.3023294222323
194,558.1193071773829
195,525.325040679756
196,493.9086245095857
197,463.8553470957033
198,435.1469816134623
199,407.76207825686066
200,381.6762559149488
201,356.8624914079069
202,333.2914045715915
203,310.9315376190693
204,289.7496273519482
205,269.7108689414795
206,250.77917014783483
207,232.91739499414862
208,216.08759605843602
209,200.25123469006348
210,185.36938859687587
211,171.40294638333066
212,158.31278874812685
213,146.05995617106382
214,134.60580303256032
215,123.91213821488509
216,113.94135233128787
217,104.65653181760254
218,96.02156020034819
219,88.00120692582747
220,80.56120419625468
221,73.66831231167194
222,67.2903740605523
223,61.39635873782789
224,55.95639639697672
225,50.94180296316458
226,46.325096847715436
227,42.08000771087225
228,38.18147802042073
229,34.6056580488191
230,31.329894941553427
231,28.332716475068782
232,25.593810104357186
233,23.093997878653056
234,20.815207779213946
235,18.74044200635471
236,16.85374271423419
237,15.140155661818083
238,13.585692217383395
239,12.177290122279985
240,10.902773387782725
241,9.750811667078974
242,8.710879413031694
243,7.773215101595625
244,6.928780770867638
245,6.16922209691269
246,5.486829199885006
247,4.874498347690306
248,4.325694699610678
249,3.8344162090160725
250,3.395158782565819
251,3.002882773190357
252,2.652980865646374
253,2.341247396549124
254,2.063849135479837
