0,0.002276878688049297
1,0.002735830857208777
2,0.003283256615455554
3,0.00393537973759742
4,0.004711234213650526
5,0.005633119677680425
6,0.00672712494035234
7,0.008023728818771057
8,0.00955848853431276
9,0.0113728271264832
10,0.013514932613667664
11,0.016040783024870536
12,0.019015312934537117
13,0.022513738758969063
14,0.026623061820452012
15,0.031443770055677625
16,0.037091761238690305
17,0.0437005127041792
18,0.0514235247913405
19,0.06043706757651153
20,0.07094326291656673
21,0.08317353637416688
22,0.09739247622665956
23,0.11390213945558908
24,0.1330468473523402
25,0.15521851613213122
26,0.18086257069353318
27,0.21048449235911604
28,0.2446570540446147
29,0.28402829878350155
30,0.3293303198295633
31,0.3813889026143597
32,0.4411340905855926
33,0.5096117383261999
34,0.5879961162761145
35,0.677603631766353
36,0.7799077308399439
37,0.8965550443817493
38,1.0293828403102567
39,1.180437840894832
40,1.351996460544279
41,1.5465865145563802
42,1.7670104432118092
43,2.0163700881272946
44,2.2980930488419764
45,2.6159606370902604
46,2.9741374340126296
47,3.377202441578296
48,3.830181803656571
49,4.338583054405252
50,4.908430831888707
51,5.546303973057043
52,6.259373882395095
53,7.055444040693456
54,7.942990492538952
55,8.931203121335951
56,10.030027489051628
57,11.250206984566136
58,12.603324989677864
59,14.101846735683155
60,15.759160486282482
61,17.589617644666802
62,19.608571344367174
63,21.832413045206312
64,24.278606617926396
65,26.965719364276566
66,29.913449384070464
67,33.142648667550276
68,36.675341260944684
69,40.534735826039956
70,44.745231891582016
71,49.33241907610445
72,54.32306854905256
73,59.7451159905806
74,65.62763531086213
75,72.00080239788295
76,78.89584817917138
77,86.34500030840611
78,94.38141282292584
79,103.03908316337817
80,112.35275600254218
81,122.35781339709717
82,133.0901508540497
83,144.5860389927964
84,156.88197058440315
85,170.01449286147164
86,184.020025114641
87,198.9346617248769
88,214.79396092358485
89,231.63271972443854
90,249.48473563063123
91,268.3825558878535
92,288.3572152253137
93,309.4379632029899
94,331.6519824613273
95,355.0240993479005
96,379.57648857211524
97,405.32837371167943
98,432.2957255610967
99,460.49096047044395
100,489.9226409698401
101,520.5951811088244
102,552.5085590579644
103,585.6580396199809
104,620.033909377245
105,655.6212272594342
106,692.3995933474147
107,730.3429387351689
108,769.4193392491692
109,809.5908557726442
110,850.8134038396006
111,893.036655049488
112,936.2039727076291
113,980.2523839189521
114,1025.112590153519
115,1070.709018062645
116,1116.9599120552455
117,1163.7774698470726
118,1211.0680218727794
119,1258.7322551047525
120,1306.6654814562746
121,1354.7579505630622
122,1402.895206340228
123,1450.9584863051073
124,1498.8251622444263
125,1546.3692203913868
126,1593.461778868986
127,1639.9716397550455
128,1685.7658727367184
129,1730.7104269525184
130,1774.6707672727978
131,1817.5125309497248
132,1859.1022002794862
133,1899.3077866667625
134,1937.9995212682811
135,1975.050547221744
136,2010.337608341607
137,2043.7417290864603
138,2075.1488805759577
139,2104.4506274596965
140,2131.5447505167917
141,2156.3358399931894
142,2178.735854863417
143,2198.6646434332297
144,2216.0504209776104
145,2230.8302004323077
146,2242.9501725234727
147,2252.366032125339
148,2259.0432480760815
149,2262.9572741524253
150,2264.059184791946
151,2257.5461350150936
152,2240.1149583343467
153,2212.018683617889
154,2173.6623786807104
155,2125.5934331484254
156,2068.488561638209
157,2003.1379585143454
158,1930.4271225607238
159,1851.3169352420098
160,1766.8226175233228
161,1677.9922064148725
162,1585.8851836597885
163,1491.551856623929
164,1396.0140378717572
165,1300.2474984105793
166,1205.1665841238444
167,1111.6112898987685
168,1020.3369859767384
169,932.0068906480659
170,847.1872868174911
171,766.3453909387872
172,689.8497044699409
173,617.9726126994993
174,550.8949450982713
175,488.7121760030711
176,431.44192440882233
177,379.03240620120135
178,331.37149998193655
179,288.29610693838833
180,249.60151388172392
181,215.05050433770955
182,184.38200309023043
183,157.31908259651303
184,133.57620313997253
185,112.86560064517204
186,94.90277524584492
187,79.41106881075979
188,66.12534988355104
189,54.79484941012914
190,45.18521004948305
191,37.0798258984915
192,30.28055843750182
193,24.607918918169936
194,19.90080788163185
195,16.015899693070622
196,12.826754609542833
197,10.222733647057854
198,8.107783020020435
199,6.399145763065076
200,5.026048801723625
201,3.9284046146328193
202,3.0555580359773034
203,2.365100905722755
204,1.8217703308257849
205,1.3964403476527163
206,1.0652117910992656
207,0.8086011502377709
208,0.6108260602703282
209,0.4591827591167604
210,0.3435092230357241
211,0.25572668212819355
212,0.18945169663173395
213,0.13967084703496677
214,0.1024702623187868
215,0.07481259893471238
216,0.0543546181656716
217,0.039299133014311566
218,0.028275761035032085
219,0.02024559053265313
220,0.014425517712338206
221,0.010228623207384236
222,0.007217516181439038
223,0.005068076535411534
224,0.0035414684433133356
225,0.0024626823677236323
226,0.0017041908869631672
227,0.0011735805124592153
228,0.0008042523769618356
229,0.0005484747387657918
230,0.000372225155357445
231,0.0002513851521034555
232,0.00016895005550389593
233,0.00011299568722861749
234,7.520560510242767e-05
235,4.981078258824079e-05
236,3.283079000759648e-05
237,2.153397053864005e-05
238,1.4055675069660601e-05
239,9.12985996284417e-06
240,5.901485394493438e-06
241,3.796150047342498e-06
242,2.430022062422976e-06
243,1.5479676350279676e-06
244,9.8129220461028e-07
245,6.190413143884129e-07
246,3.886205241872714e-07
247,2.427820895939437e-07
248,1.509358378414286e-07
249,9.337979318759969e-08
250,5.749078764580452e-08
251,3.522316868946457e-08
252,2.1475505722095926e-08
253,1.302996322037214e-08
254,7.867337711395785e-09
