0.0,6.383751005118379e-05
1.0,7.734432732408447e-05
2.0,9.360225689334094e-05
3.0,0.00011314868221130048
4.0,0.0001366211719633582
5.0,0.00016477519675822062
6.0,0.00019850479303997712
7.0,0.00023886663002742076
8.0,0.00028710799985423715
9.0,0.00034469932350108574
10.0,0.0004133718464142154
11.0,0.0004951612887921873
12.0,0.0005924583173496079
13.0,0.0007080668189508484
14.0,0.0008452710829205953
15.0,0.0010079131392088068
16.0,0.0012004816550908704
17.0,0.001428213964937748
18.0,0.0016972129970476784
19.0,0.0020145810698664396
20.0,0.0023885727584232576
21.0,0.002828769281755654
22.0,0.003346277134746531
23.0,0.003953953984363538
24.0,0.004666665171917063
25.0,0.005501574510683216
26.0,0.006478473442985327
27.0,0.007620153023337237
28.0,0.008952823625061996
29.0,0.010506587727194212
30.0,0.012315971626436663
31.0,0.014420522435096521
32.0,0.016865477269487568
33.0,0.019702512102988446
34.0,0.022990578351988384
35.0,0.02679683587891742
36.0,0.031197691731350896
37.0,0.03627995458594372
38.0,0.04214211552600704
39.0,0.04889576644629285
40.0,0.05666716804142987
41.0,0.06559897998782346
42.0,0.07585216656394143
43.0,0.08760809156081054
44.0,0.10107081690204879
45.0,0.11646961990839029
46.0,0.1340617445915731
47.0,0.15413540273152865
48.0,0.17701304076246344
49.0,0.20305488864981805
50.0,0.23266280696200803
51.0,0.2662844482078728
52.0,0.30441774820125034
53.0,0.3476157627054203
54.0,0.3964918638787016
55.0,0.4517253100640151
56.0,0.5140672012148957
57.0,0.5843468307032512
58.0,0.6634784423851408
59.0,0.7524683995854189
60.0,0.8524227700764667
61.0,0.9645553281478807
62.0,1.0901959714719534
63.0,1.2307995466454598
64.0,1.387955073015574
65.0,1.56339534966414
66.0,1.7590069252211467
67.0,1.9768404045010495
68.0,2.219121059805329
69.0,2.4882597081183904
70.0,2.786863808354816
71.0,3.1177487253144194
72.0,3.4839490990958994
73.0,3.888730250446471
74.0,4.335599543929035
75.0,4.82831762192502
76.0,5.370909413424163
77.0,5.967674812356724
78.0,6.623198910983304
79.0,7.342361664667719
80.0,8.130346855323417
81.0,8.992650212059893
82.0,9.935086539185068
83.0,10.96379569387777
84.0,12.085247248671223
85.0,13.306243667533366
86.0,14.633921818946774
87.0,16.07575264513975
88.0,17.639538803661868
89.0,19.33341009599615
90.0,21.165816498017467
91.0,23.14551860900216
92.0,25.2815753397211
93.0,27.583328666052473
94.0,30.06038528266628
95.0,32.72259500178185
96.0,35.580025754885696
97.0,38.64293507070715
98.0,41.9217379207454
99.0,45.426970844261774
100.0,49.16925228790759
101.0,53.159239121028484
102.0,57.40757931612001
103.0,61.924860814817904
104.0,66.7215566330671
105.0,71.80796629456313
106.0,77.19415371899636
107.0,82.88988173081704
108.0,88.9045433948906
109.0,95.2470904272158
110.0,101.92595897147142
111.0,108.94899307514952
112.0,116.32336624199783
113.0,124.05550147997234
114.0,132.15099030541086
115.0,140.61451120417277
116.0,149.44974808852044
117.0,158.65930932401838
118.0,168.24464793314064
119.0,178.20598361107818
120.0,188.54222721388177
121.0,199.2509083990519
122.0,210.32810711349427
123.0,221.768389632936
124.0,233.5647498600184
125.0,245.7085565849618
126.0,258.1895074026164
127.0,270.99558996259907
128.0,284.1130512048768
129.0,297.5263752014621
130.0,311.21827018579603
131.0,325.1696653049471
132.0,339.35971757607007
133.0,353.76582946787767
134.0,368.3636774604718
135.0,383.12725186317914
136.0,398.02890809051087
137.0,413.0394295116182
138.0,428.1281018992958
139.0,443.26279941144935
140.0,458.41008194180927
141.0,473.53530357842925
142.0,488.60273180909985
143.0,503.5756770132279
144.0,518.4166316810137
145.0,533.0874187039552
146.0,547.5493479868877
147.0,561.7633805420027
148.0,575.6902991406265
149.0,589.2908845200159
150.0,602.5260960710099
151.0,615.3572558690191
152.0,627.7462348563713
153.0,639.6556399392589
154.0,651.0490007281379
155.0,661.8909546269794
156.0,672.1474289647529
157.0,681.7858188622768
158.0,690.7751595393048
159.0,699.0862917905384
160.0,706.6920193950956
161.0,713.5672572716356
162.0,719.6891692505261
163.0,725.0372944046502
164.0,729.5936609611226
165.0,733.3428869065666
166.0,736.272266497872
167.0,738.3718419975596
168.0,739.6344600669623
169.0,740.0558123702801
170.0,739.6344600669623
171.0,738.3718419975596
172.0,736.272266497872
173.0,733.3428869065666
174.0,729.5936609611226
175.0,725.0372944046502
176.0,719.6891692505261
177.0,713.5672572716356
178.0,706.6920193950956
179.0,699.0862917905384
180.0,690.7751595393048
181.0,681.7858188622768
182.0,672.1474289647529
183.0,661.8909546269794
184.0,651.0490007281379
185.0,639.6556399392589
186.0,627.7462348563713
187.0,615.3572558690191
188.0,602.5260960710099
189.0,589.2908845200159
190.0,575.6902991406265
191.0,561.7633805420027
192.0,547.5493479868877
193.0,533.0874187039552
194.0,518.4166316810137
195.0,503.5756770132279
196.0,488.60273180909985
197.0,473.53530357842925
198.0,458.41008194180927
199.0,443.26279941144935
200.0,428.1281018992958
201.0,413.0394295116182
202.0,398.02890809051087
203.0,383.12725186317914
204.0,368.3636774604718
205.0,353.76582946787767
206.0,339.35971757607007
207.0,325.1696653049471
208.0,311.21827018579603
209.0,297.5263752014621
210.0,284.1130512048768
211.0,270.99558996259907
212.0,258.1895074026164
213.0,245.7085565849618
214.0,233.5647498600184
215.0,221.768389632936
216.0,210.32810711349427
217.0,199.2509083990519
218.0,188.54222721388177
219.0,178.20598361107818
220.0,168.24464793314064
221.0,158.65930932401838
222.0,149.44974808852044
223.0,140.61451120417277
224.0,132.15099030541086
225.0,124.05550147997234
226.0,116.32336624199783
227.0,108.94899307514952
228.0,101.92595897147142
229.0,95.2470904272158
230.0,88.9045433948906
231.0,82.88988173081704
232.0,77.19415371899636
233.0,71.80796629456313
234.0,66.7215566330671
235.0,61.924860814817904
236.0,57.40757931612001
237.0,53.159239121028484
