0.0,1.4288203147117364
1.0,1.5601230283763667
2.0,1.7029675975812526
3.0,1.8583865786597669
4.0,2.0275186939002627
5.0,2.211622310877637
6.0,2.4120908126244918
7.0,2.630470099388248
8.0,2.86847848417687
9.0,3.128029265716576
10.0,3.411256283357434
11.0,3.720542778296803
12.0,4.058553903573239
13.0,4.428273240830359
14.0,4.833043693965065
15.0,5.276613137443638
16.0,5.763185199166413
17.0,6.297475553049723
18.0,6.884774083635339
19.0,7.531013262608132
20.0,8.2428430436087
21.0,9.02771253563209
22.0,9.893958655056645
23.0,10.850901880421905
24.0,11.908949141014432
25.0,13.079703758786554
26.0,14.376082231963817
27.0,15.812437496969764
28.0,17.404688132397624
29.0,19.17045277445431
30.0,21.12918879781379
31.0,23.302334079900184
32.0,25.713450411634355
33.0,28.388366845659714
34.0,31.355320986793622
35.0,34.64509593250427
36.0,38.291150268005886
37.0,42.32973821637443
38.0,46.800016745061185
39.0,51.74413614332451
40.0,57.207310318221154
41.0,63.237862818447205
42.0,69.8872443946774
43.0,77.21001775179761
44.0,85.26380505256732
45.0,94.109193703911
46.0,103.80959600623491
47.0,114.43105838252794
48.0,126.04201613648888
49.0,138.71299002549222
50.0,152.51622138150444
51.0,167.52524307608513
52.0,183.81438430734343
53.0,201.45820798785167
54.0,220.53088043111256
55.0,241.1054740654092
56.0,263.25320503982414
57.0,287.04260881670916
58.0,312.53865815338736
59.0,339.80182924546403
60.0,368.88712321363613
61.0,399.8430515410058
62.0,432.7105954815027
63.0,467.5221508324986
64.0,504.30047076452246
65.0,543.0576205952038
66.0,583.79395944956
67.0,626.4971646309241
68.0,671.1413152034942
69.0,717.6860517277304
70.0,766.0758292654068
71.0,816.2392806573198
72.0,868.0887066532825
73.0,921.5197087261636
74.0,976.4109793205246
75.0,1032.6242628697637
76.0,1090.0044991686943
77.0,1148.3801586239965
78.0,1207.5637765434763
79.0,1267.3526909950608
80.0,1327.5299859038932
81.0,1387.8656380040427
82.0,1448.1178630700051
83.0,1508.0346535778685
84.0,1567.3554966469749
85.0,1625.813257853839
86.0,1683.1362133568357
87.0,1739.0502097891583
88.0,1793.2809286343945
89.0,1845.556229356692
90.0,1895.6085434748159
91.0,1943.177290099576
92.0,1988.0112822430979
93.0,2029.8710924937604
94.0,2068.531346460146
95.0,2103.782912738298
96.0,2135.434959054986
97.0,2163.31684567982
98.0,2187.279829163453
99.0,2207.1985519187197
100.0,2222.972296076085
101.0,2234.5259833637683
102.0,2241.810906426449
103.0,2244.8051809368276
104.0,2243.513911997253
105.0,2237.969072595184
106.0,2228.229096184595
107.0,2214.3781897327585
108.0,2196.5253777162457
109.0,2174.8032914925993
110.0,2149.3667221406236
111.0,2120.3909581848793
112.0,2088.0699325388805
113.0,2052.614205466078
114.0,2014.248812327808
115.0,1973.2110063337702
116.0,1929.7479274158568
117.0,1884.114228704499
118.0,1836.5696919040893
119.0,1787.3768621577487
120.0,1736.7987317894617
121.0,1685.0965006509134
122.0,1632.5274387271454
123.0,1579.3428742225126
124.0,1525.7863276152098
125.0,1472.0918091977644
126.0,1418.4822944778857
127.0,1365.1683885652974
128.0,1312.347187381488
129.0,1260.201340264285
130.0,1208.898315358045
131.0,1158.589866138465
132.0,1109.4116945683413
133.0,1061.4833037602484
134.0,1014.9080306699702
135.0,969.7732472890707
136.0,926.1507170666903
137.0,884.0970918822736
138.0,843.6545338175553
139.0,804.8514452356128
140.0,767.7032902582534
141.0,732.2134906255086
142.0,698.3743791023227
143.0,666.1681940429319
144.0,635.5680994046688
145.0,606.539215389053
146.0,579.0396459463323
147.0,553.0214905765486
148.0,528.4318291620737
149.0,505.21366994045695
150.0,483.30685214080813
151.0,462.6488962322172
152.0,443.17579614176987
153.0,424.82274916826276
154.0,407.524820624583
155.0,391.21754146901935
156.0,375.8374383189869
157.0,361.32249626863415
158.0,347.6125558466524
159.0,334.64964624755015
160.0,322.37825764676904
161.0,310.74555596803543
162.0,299.7015439132726
163.0,289.19917239629297
164.0,279.1944067480028
165.0,269.64625219101185
166.0,260.51674312432607
167.0,251.7709007238869
168.0,243.37666326216234
169.0,235.3047933899492
170.0,227.5287664160675
171.0,220.024643375425
172.0,212.77093240222467
173.0,205.7484416314656
174.0,198.94012654619053
175.0,192.33093437719845
176.0,185.90764785234435
177.0,179.6587302894038
178.0,173.5741737342202
179.0,167.64535156808842
180.0,161.8648767478532
181.0,156.2264666010797
182.0,150.7248148782585
183.0,145.35547156511683
184.0,140.11473078094417
185.0,134.9995269331994
186.0,130.00733916392153
187.0,125.13610400872116
188.0,120.38413609321132
189.0,115.75005661331744
190.0,111.23272928352402
191.0,106.83120338924324
192.0,102.54466354457278
193.0,98.37238573320366
194.0,94.31369919664004
195.0,90.3679537287713
196.0,86.5344919378368
197.0,82.8126260447031
198.0,79.20161879898387
199.0,75.70066811085208
200.0,72.30889501550341
201.0,69.02533460833268
202.0,65.84892961128766
203.0,62.77852625397875
204.0,59.81287217645783
205.0,56.950616083731724
206.0,54.19030890471996
207.0,51.53040623025344
208.0,48.96927182564835
209.0,46.50518203324396
210.0,44.136330898974634
211.0,41.860835874503685
212.0,39.67674396266432
213.0,37.58203818893234
214.0,35.574644295430986
215.0,33.65243756657594
216.0,31.813249706967152
217.0,30.05487570258216
218.0,28.37508060579136
219.0,26.771606193264965
220.0,25.242177453546777
221.0,23.78450886799497
222.0,22.396310455003697
223.0,21.07529355298145
224.0,19.819176322532158
225.0,18.625688952717645
226.0,17.492578560225287
227.0,16.417613773768483
228.0,15.398588999152674
229.0,14.433328363183238
230.0,13.51968933700886
231.0,12.655566041615053
232.0,11.838892240036389
233.0,11.067644022465922
234.0,10.3398421918304
235.0,9.653554358589002
236.0,9.006896754519873
237.0,8.398035776099508
238.0,7.825189268768841
239.0,7.286627563930831
240.0,6.7806742809494995
241.0,6.305706906730498
242.0,5.860157165669398
243.0,5.442511192864919
244.0,5.05130952351948
245.0,4.685146911396934
246.0,4.342671989084934
247.0,4.022586782624304
248.0,3.723646092827
249.0,3.4446567553142584
250.0,3.184476790973279
251.0,2.942014458160195
252.0,2.716227217574739
253.0,2.5061206203024944
254.0,2.310747129069595
255.0,2.129204882285778
