0.0,0.028390687501728976
1.0,0.0352862285595194
2.0,0.04376271304682378
3.0,0.05415928159390739
4.0,0.06688230216275422
5.0,0.08241745392280292
6.0,0.10134371867274959
7.0,0.1243495276676206
8.0,0.1522513336662319
9.0,0.18601489993589657
10.0,0.2267796193628652
11.0,0.2758861971455079
12.0,0.33490804911556066
13.0,0.4056867837537151
14.0,0.4903721485382728
15.0,0.5914668293726413
16.0,0.7118764943477027
17.0,0.8549654687674161
18.0,1.0246184158582392
19.0,1.2253083754656064
20.0,1.4621714798155205
21.0,1.7410886195442339
22.0,2.0687742731186645
23.0,2.4528726369536162
24.0,2.9020611005162773
25.0,3.4261609991507447
26.0,4.036255446088077
27.0,4.744813893204231
28.0,5.565822896929574
29.0,6.5149223710625295
30.0,7.6095463923131055
31.0,8.869067387951024
32.0,10.314942279313533
33.0,11.970858882175367
34.0,13.862880577874082
35.0,16.019586971192513
36.0,18.472207946739214
37.0,21.254748230215437
38.0,24.40409926066216
39.0,27.960134891545405
40.0,31.965787170174618
41.0,36.46709820500917
42.0,41.513243928077124
43.0,47.15652540468994
44.0,53.45232324490044
45.0,60.459010640848646
46.0,68.23782060129332
47.0,76.85266308887374
48.0,86.36988799595021
49.0,96.85799022920942
50.0,108.38725361824528
51.0,121.02933092404032
52.0,134.85675790268206
53.0,149.94240017844905
54.0,166.35883259666676
55.0,184.17765175566652
56.0,203.46872355086805
57.0,224.2993687912899
58.0,246.7334912551465
59.0,270.83065391872526
60.0,296.64511050029546
61.0,324.22480088407656
62.0,353.6103204011916
63.0,384.8338743154631
64.0,417.91823016035187
65.0,452.8756817663685
66.0,489.7070398722828
67.0,528.400665094866
68.0,568.931559708037
69.0,611.2605351222409
70.0,655.333472130421
71.0,701.080690873375
72.0,748.4164470544189
73.0,797.2385701862098
74.0,847.4282585724613
75.0,898.8500443120298
76.0,951.3519398675656
77.0,1004.7657756784239
78.0,1058.9077359383364
79.0,1113.5790970309347
80.0,1168.5671702565564
81.0,1223.646447435105
82.0,1278.5799447818729
83.0,1333.120737181669
84.0,1387.0136716915601
85.0,1439.9972458477032
86.0,1491.8056332029582
87.0,1542.1708355456437
88.0,1590.8249385114834
89.0,1637.5024448634424
90.0,1681.9426576366225
91.0,1723.8920836808195
92.0,1763.1068269276748
93.0,1799.3549400000888
94.0,1832.418702596482
95.0,1862.0967954388314
96.0,1888.2063394771578
97.0,1910.584771488536
98.0,1929.0915291782576
99.0,1943.609521355374
100.0,1954.0463616742163
101.0,1960.335347757067
102.0,1962.4361711810898
103.0,1960.335347757067
104.0,1954.0463616742163
105.0,1943.609521355374
106.0,1929.0915291782576
107.0,1910.584771488536
108.0,1888.2063394771578
109.0,1862.0967954388314
110.0,1832.418702596482
111.0,1799.3549400000888
112.0,1763.1068269276748
113.0,1723.8920836808195
114.0,1681.9426576366225
115.0,1637.5024448634424
116.0,1590.8249385114834
117.0,1542.1708355456437
118.0,1491.8056332029582
119.0,1439.9972458477032
120.0,1387.0136716915601
121.0,1333.120737181669
122.0,1278.5799447818729
123.0,1223.646447435105
124.0,1168.5671702565564
125.0,1113.5790970309347
126.0,1058.9077359383364
127.0,1004.7657756784239
128.0,951.3519398675656
129.0,898.8500443120298
130.0,847.4282585724613
131.0,797.2385701862098
132.0,748.4164470544189
133.0,701.080690873375
134.0,655.333472130421
135.0,611.2605351222409
136.0,568.931559708037
137.0,528.400665094866
138.0,489.7070398722828
139.0,452.8756817663685
140.0,417.91823016035187
141.0,384.8338743154631
142.0,353.6103204011916
143.0,324.22480088407656
144.0,296.64511050029546
145.0,270.83065391872526
146.0,246.7334912551465
147.0,224.2993687912899
148.0,203.46872355086805
149.0,184.17765175566652
150.0,166.35883259666676
151.0,149.94240017844905
152.0,134.85675790268206
153.0,121.02933092404032
154.0,108.38725361824528
155.0,96.85799022920942
156.0,86.36988799595021
157.0,76.85266308887374
158.0,68.23782060129332
159.0,60.459010640848646
160.0,53.45232324490044
161.0,47.15652540468994
162.0,41.513243928077124
163.0,36.46709820500917
164.0,31.965787170174618
165.0,27.960134891545405
166.0,24.40409926066216
167.0,21.254748230215437
168.0,18.472207946739214
169.0,16.019586971192513
170.0,13.862880577874082
171.0,11.970858882175367
172.0,10.314942279313533
173.0,8.869067387951024
174.0,7.6095463923131055
175.0,6.5149223710625295
176.0,5.565822896929574
177.0,4.744813893204231
178.0,4.036255446088077
179.0,3.4261609991507447
180.0,2.9020611005162773
181.0,2.4528726369536162
182.0,2.0687742731186645
183.0,1.7410886195442339
184.0,1.4621714798155205
185.0,1.2253083754656064
186.0,1.0246184158582392
187.0,0.8549654687674161
188.0,0.7118764943477027
189.0,0.5914668293726413
190.0,0.4903721485382728
191.0,0.4056867837537151
192.0,0.33490804911556066
193.0,0.2758861971455079
194.0,0.2267796193628652
195.0,0.18601489993589657
196.0,0.1522513336662319
197.0,0.1243495276676206
198.0,0.10134371867274959
199.0,0.08241745392280292
200.0,0.06688230216275422
201.0,0.05415928159390739
202.0,0.04376271304682378
203.0,0.0352862285595194
204.0,0.028390687501728976
205.0,0.022793773989052152
206.0,0.018261070274174177
207.0,0.014598420850812113
208.0,0.011645420986977871
209.0,0.009269881199138342
210.0,0.007363135715485669
211.0,0.0058360782208769085
212.0,0.004615822125637127
213.0,0.0036428952781472814
214.0,0.0028688904893921906
215.0,0.002254503513585429
216.0,0.0017678993002728273
217.0,0.001383355474492927
218.0,0.0010801391910827789
219.0,0.0008415798269321827
220.0,0.0006543055002395243
221.0,0.0005076162158590648
222.0,0.00039297060466719877
223.0,0.00030356682245478165
224.0,0.00023400126548502205
225.0,0.00017999140588906414
226.0,0.0001381513057448801
227.0,0.00010581028413469772
228.0,8.086683185004201e-05
229.0,6.167123407536812e-05
230.0,4.693150817561735e-05
231.0,3.563822327000776e-05
232.0,2.7004568339453385e-05
233.0,2.0418700388505513e-05
234.0,1.540595465917283e-05
235.0,1.1598953192979376e-05
236.0,8.714021720045067e-06
237.0,6.53263121963153e-06
238.0,4.8868308603632044e-06
239.0,3.647842973445724e-06
240.0,2.7171563200938965e-06
241.0,2.019587971296204e-06
242.0,1.4978922992143214e-06
243.0,1.1085826120052117e-06
244.0,8.187007695301048e-07
245.0,6.033259376131935e-07
246.0,4.4365814203677216e-07
247.0,3.255476595941251e-07
248.0,2.383693216694464e-07
249.0,1.741629633168436e-07
250.0,1.2697871039691365e-07
251.0,9.237951553913389e-08
252.0,6.706410149872304e-08
253.0,4.8581867171043625e-08
254.0,3.5117852935854427e-08
255.0,2.5330943782870187e-08
