0,1.350284075488771e-35
1,6.236852625229245e-35
2,2.8421751442584492e-34
3,1.2778539250920135e-33
4,5.6683492959958283e-33
5,2.480715823847667e-32
6,1.0711306540851147e-31
7,4.563025531524819e-31
8,1.9178223182356405e-30
9,7.952594837600341e-30
10,3.2535266212332803e-29
11,1.313242385487602e-28
12,5.229744081814322e-28
13,2.0547595234199395e-27
14,7.965014778262562e-27
15,3.046191408633406e-26
16,1.14940428268155e-25
17,4.27891295788922e-25
18,1.5715894773104834e-24
19,5.694948375333422e-24
20,2.0360361744205986e-23
21,7.18168260052147e-23
22,2.4992629075536056e-22
23,8.58109478721437e-22
24,2.9068222367503752e-21
25,9.714920868577844e-21
26,3.2033550720619096e-20
27,1.0421156355771357e-19
28,3.344812386391043e-19
29,1.0591869778863875e-18
30,3.3091657574874034e-18
31,1.0200217438526024e-17
32,3.102025451870032e-17
33,9.307355513907029e-17
34,2.755194534447867e-16
35,8.046800839533554e-16
36,2.3186716709172693e-15
37,6.591743177363862e-15
38,1.848869762731559e-14
39,5.1163162400052934e-14
40,1.3968618617373873e-13
41,3.7626563802397684e-13
42,9.999555069994539e-13
43,2.621873978660053e-12
44,6.782471370280547e-12
45,1.7310481340952212e-11
46,4.358884267090797e-11
47,1.0828955057161344e-10
48,2.65425585135677e-10
49,6.41865502205521e-10
50,1.5314058611693413e-09
51,3.60480348541312e-09
52,8.371781843025816e-09
53,1.918223601543998e-08
54,4.336362466611835e-08
55,9.671569173348333e-08
56,2.1282043523067874e-07
57,4.620348461094029e-07
58,9.896489166015901e-07
59,2.091378290070591e-06
60,4.3604273636226175e-06
61,8.969547546916128e-06
62,1.8203589586068997e-05
63,3.644924640061535e-05
64,7.200540389251222e-05
65,0.00014034167223403102
66,0.00026986913831687125
67,0.0005119939354003308
68,0.0009583440045370097
69,0.0017697954031975136
70,0.003224554446158318
71,0.005796440536954723
72,0.010280117408056972
73,0.01798787179267159
74,0.031053210792692184
75,0.05289057132144392
76,0.08887815369903168
77,0.14735226275528346
78,0.24102584461807977
79,0.38896939966508526
80,0.6193159696394888
81,0.9728684962486296
82,1.5077905620156327
83,2.3055413725584044
84,3.478162260251217
85,5.176923841352956
86,7.602190228354085
87,11.014142939744842
88,15.743732538107825
89,22.2029007197027
90,30.89276280305778
91,42.4080986860223
92,57.436222981825466
93,76.74815835593043
94,101.18009250484342
95,131.60342752966505
96,168.88238270033932
97,213.8191082738798
98,267.08758388751335
99,329.15912859004084
100,400.22399935167294
101,480.1151055170821
102,568.241086119467
103,663.5366449346118
104,764.4379027447882
105,868.8894642533063
106,974.3878706468396
107,1078.0632114994105
108,1176.7971345496965
109,1267.3716770353585
110,1346.6396935327862
111,1411.7046487511343
112,1460.0956167033216
113,1489.9228084384883
114,1499.9999999999998
115,1498.9180259445084
116,1495.6767841980761
117,1490.2902822926615
118,1482.7817540277404
119,1473.183492525606
120,1461.536618864948
121,1447.8907886122706
122,1432.3038391817909
123,1414.8413815279457
124,1395.5763402033595
125,1374.5884462926952
126,1351.9636881535296
127,1327.7937252545441
128,1302.1752706950306
129,1275.209448215171
130,1247.0011296619011
131,1217.6582589596553
132,1187.2911686491111
133,1156.0118950014541
134,1123.933497592881
135,1091.1693890371205
136,1057.8326803266623
137,1024.0355469308172
138,989.8886204460646
139,955.50041019731
140,920.9767587540474
141,886.420334859726
142,851.930166782814
143,817.6012185911851
144,783.5240113345761
145,749.7842905999437
146,716.462741388269
147,683.6347507551765
148,651.370218167627
149,619.7334130604634
150,588.7828786347266
151,558.5713805287993
152,529.1458986173581
153,500.5476598548865
154,472.8122097825593
155,445.969520061358
156,420.04412918137956
157,395.0553133278376
158,371.0172842579969
159,347.93941095937845
160,325.82646181668196
161,304.6788640110823
162,284.4929769086035
163,265.26137626145265
164,246.9731461445306
165,229.61417567559693
166,213.16745771833163
167,197.6133869392915
168,182.93005477891526
169,169.09353909971873
170,156.07818648812065
171,143.8568854065443
172,132.40132861629255
173,121.68226351613663
174,111.66972926374024
175,102.3332797643804
176,93.64219182159584
177,85.5656579453589
178,78.07296350337818
179,71.1336480787509
180,64.71765106122861
181,58.79544164897374
182,53.33813357225673
183,48.317584969743216
184,43.70648395174106
185,39.478420473145725
186,35.607945212159215
187,32.0706162096602
188,28.843034069024668
189,25.902866548012668
190,23.22886339393351
191,20.800862281640175
192,18.599786712008527
193,16.60763671748339
194,14.807473202101866
195,13.183396717207737
196,11.720521441909282
197,10.40494510023598
198,9.223715505901165
199,8.164794381512404
200,7.217019052859354
201,6.370062571354685
202,5.614392769539859
203,4.941230706450687
204,4.342508912149931
205,3.8108297943805614
206,3.33942452550477
207,2.922112685029067
208,2.55326289236439
209,2.227754626256908
210,1.94094139171427
211,1.6886153623527846
212,1.4669735959616301
213,1.27258589373525
214,1.1023643490392034
215,0.9535346096888144
216,0.8236088584464502
217,0.7103604996707715
218,0.6118005256499063
219,0.5261555239754943
220,0.4518472772112417
221,0.3874738979163946
222,0.3317924356365174
223,0.28370288760578155
224,0.24223354145317688
225,0.2065275760105696
226,0.17583084522979808
227,0.14948077008313188
228,0.12689626400862708
229,0.10756861884074755
230,0.09105328011829524
231,0.07696244307743152
232,0.06495840341873309
233,0.054747599995201374
234,0.04607528982411581
235,0.03872079921025645
236,0.03249329822098149
237,0.027228049223101094
238,0.022783083633520714
239,0.019036264413632882
240,0.01588269512149856
241,0.013232439502097761
242,0.011008518625894189
243,0.009145155466000966
244,0.007586239524921947
245,0.006283986677405294
246,0.005197771783747563
247,0.004293113847935622
248,0.003540795549529182
249,0.0029161008711765385
250,0.0023981562805638324
251,0.0019693625129743072
252,0.0016149054458479337
253,0.0013223358677263647
254,0.001081209129041193
