308.07392705394375,36.81797126876298
313.9174555985621,37.0283884224113
319.76080915056093,37.25729141541389
325.6127373409177,37.50590100160525
331.4569658560143,37.77430251475301
337.3066191423169,38.06377997355996
343.154522502424,38.37459467780604
349.0059257149221,38.70752013124454
354.85715393480064,39.062721931511845
360.7118820070702,39.440653106784296
366.5618852786119,39.840825227628514
372.4185382696965,40.26390055638839
378.27676619435704,40.70924182638326
384.1299193330506,41.175802729524044
389.98604734627656,41.66347789286052
395.8400754480679,42.17089142950093
401.6927036089029,42.69689957123927
407.55075654094384,43.24071352720125
413.40898446560436,43.8002140434772
419.2642375157326,44.373201671831985
425.1214154846758,44.958038583640445
431.17087534398013,45.57184327477991
436.8345464742255,46.15304958406787
442.68979952435365,46.75789505988214
448.22590978457833,47.33091832349297
453.75843269610226,47.902081688487264
459.6140357314695,48.50203920941821
465.34252412799606,49.081396919404085
471.3346914036598,49.67604518591583
477.18976946116845,50.24251252399973
483.04817237844856,50.791567791796076
488.90727526620685,51.319709597326636
494.7656781834869,51.82366640374055
500.5541015522091,52.29496451998715
506.4733844018305,52.74666356423947
512.3275874962414,53.16066143139106
518.1821405758915,53.53972992881916
524.0309188990963,53.88141399777966
529.8810971632574,54.18437498884843
535.7293505086037,54.44698189542011
541.5790037949064,54.66828231759658
547.4300570221653,54.84751529658273
553.2685107808168,54.98403325856489
559.1076645099464,55.07833475466929
564.9482181800324,55.1308673571305
570.7793222486628,55.142475494958674
576.6120012508691,55.114509370908166
582.4446802530754,55.048583794476606
588.283483996966,54.946557838449166
594.1105632353467,54.811116087786885
599.945167156368,54.644482824438555
605.7799460700089,54.449724501705234
611.6073752936287,54.23030303402557
617.4346295246289,53.98936059222741
623.2659085858788,53.73023781414129
629.1019124478566,53.45653304133734
634.9307416124328,53.172562170031256
640.7620206736827,52.88165785643049
646.5973245651822,52.58751931897041
652.4259787371388,52.29442324483219
658.2628575622144,52.005275887942624
664.0953615718012,51.72422761189334
669.9306654633007,51.45428586440203
675.7668443178981,51.19870456984063
681.6031981651149,50.96043784475263
687.4346522189844,50.74232317273715
693.2717060366793,50.546336539359444
699.105784979842,50.37483536132587
704.9477385908845,50.22926360598416
710.78846725359,50.11128597723195
716.6265710270025,50.0219481583477
722.460299984926,49.961917114539084
728.298928736197,49.93144221642635
734.1403573693808,49.930586673551716
739.9828359582818,49.95903345365937
745.8247895693243,50.01610309520231
751.6693680696599,50.10085060917014
757.8036229890299,50.218133893025026
763.3564251588966,50.34783362465218
769.2038035411451,50.506806544839606
775.0476820710026,50.68661279540212
780.8903356525232,50.88503985022943
786.7343891750003,51.09974232115999
792.5810675867705,51.32819397978537
798.4224962199543,51.56737137877282
804.2731994619742,51.81507452027556
810.1191779032662,52.06785108973647
815.9660313076562,52.323032523940014
821.8090348744158,52.577501097599054
827.6546633304688,52.82864714253108
833.5013417422391,53.073551329915276
839.3478451613898,53.30938135013224
845.1939985953014,53.533444837106856
851.0359522063438,53.74303954970659
856.8801807214404,53.935970649911255
862.7287840520257,54.1099940055887
868.5751124785569,54.262785767249966
874.4121662962519,54.39229924509133
880.2591946932613,54.49722334605876
886.0990483928691,54.57570628868231
891.9410020039115,54.62659407124346
895.5105889537932,54.64361190176031
