308.07392705394375,0.00186739241050882
313.9174555985621,0.002236192273843006
319.76080915056093,0.0026730702280787283
325.6127373409177,0.003190462575860814
331.4569658560143,0.0038003633797106234
337.3066191423169,0.004519556692476353
343.154522502424,0.005365037337829414
349.0059257149221,0.006358027011258901
354.85715393480064,0.007521383330964181
360.7118820070702,0.008882679378025548
366.5618852786119,0.010470318912590251
372.4185382696965,0.012322078492321035
378.27676619435704,0.014476156123316198
384.1299193330506,0.01697418934927039
389.98604734627656,0.019869494567185616
395.8400754480679,0.02321598663655755
401.6927036089029,0.02707689085689838
407.55075654094384,0.031528178393704046
413.40898446560436,0.03664604020639614
419.2642375157326,0.04251564253666
425.1214154846758,0.04924001309898745
431.17087534398013,0.0571964258165273
436.8345464742255,0.06569362037505835
442.68979952435365,0.07567489840312898
448.22590978457833,0.08636171414305245
453.75843269610226,0.0983927338874848
459.6140357314695,0.11276143972201522
465.34252412799606,0.12862486009213697
471.3346914036598,0.1473426861214258
477.18976946116845,0.16795782654482255
483.04817237844856,0.19113071355877256
488.90727526620685,0.2171167560407053
494.7656781834869,0.24619294246788098
500.5541015522091,0.2782567653235541
506.4733844018305,0.31480129489787867
512.3275874962414,0.35502664902771397
518.1821405758915,0.39968294434671336
524.0309188990963,0.4491048476235091
529.8810971632574,0.5037560907274634
535.7293505086037,0.5640337314004319
541.5790037949064,0.6304201036031051
547.4300570221653,0.7033875651367463
553.2685107808168,0.7832265204124839
559.1076645099464,0.8705963892103642
564.9482181800324,0.9660246508478202
570.7793222486628,1.0698406712630606
576.6120012508691,1.182755334539032
582.4446802530754,1.30527964663555
588.283483996966,1.4380990494004118
594.1105632353467,1.5813320203052688
599.945167156368,1.7359747563914494
605.7799460700089,1.9023799480919037
611.6073752936287,2.0808212527993777
617.4346295246289,2.271984556468925
623.2659085858788,2.476485623118624
629.1019124478566,2.694814344390276
634.9307416124328,2.9269153337281133
640.7620206736827,3.1735103490330867
646.5973245651822,3.4349968118879115
652.4259787371388,3.7111373895690116
658.2628575622144,4.00283222030959
664.0953615718012,4.309587565505991
669.9306654633007,4.631820910632128
675.7668443178981,4.969406000252315
681.6031981651149,5.322185418617661
687.4346522189844,5.689621222247477
693.2717060366793,6.072067724640191
699.105784979842,6.4685618418517965
704.9477385908845,6.87934132808665
710.78846725359,7.30316334797787
716.6265710270025,7.7391763160453895
722.460299984926,8.186379452773823
728.298928736197,8.644524077536405
734.1403573693808,9.112391421087874
739.9828359582818,9.588663712440644
745.8247895693243,10.071918049022434
751.6693680696599,10.561017268364852
757.8036229890299,11.078768787621756
763.3564251588966,11.54982226770561
769.2038035411451,12.046665137913136
775.0476820710026,12.542297186842474
780.8903356525232,13.035082905752033
786.7343891750003,13.523355190814629
792.5810675867705,14.00527402490089
798.4224962199543,14.478224335932559
804.2731994619742,14.941376031124582
810.1191779032662,15.39160366125443
815.9660313076562,15.82735125651848
821.8090348744158,16.246300946561124
827.6546633304688,16.64697954938592
833.5013417422391,17.027367911620352
839.3478451613898,17.38555210556813
845.1939985953014,17.719774065691876
851.0359522063438,18.028186963271114
856.8801807214404,18.309597298470496
862.7287840520257,18.5626296547158
868.5751124785569,18.78568274211038
874.4121662962519,18.977426371694758
880.2591946932613,19.137486644187582
886.0990483928691,19.26453313010565
891.9410020039115,19.358140848337136
895.5105889537932,19.398634536039392
