308.07392705394375,1.8161038763524704
313.9174555985621,2.02615223013745
319.76080915056093,2.2546183451858095
325.6127373409177,2.5027105390293927
331.4569658560143,2.7705021513733015
337.3066191423169,3.059260416867485
343.154522502424,3.369229640468207
349.0059257149221,3.7011621042332856
354.85715393480064,4.055200548180884
360.7118820070702,4.431770427406268
366.5618852786119,4.830354908715923
372.4185382696965,5.251578477896073
378.27676619435704,5.6947656702599465
384.1299193330506,6.158828540174776
389.98604734627656,6.643608398293336
395.8400754480679,7.147675442864367
401.6927036089029,7.669822680382372
407.55075654094384,8.209185348807548
413.40898446560436,8.763568003270803
419.2642375157326,9.330686029295327
425.1214154846758,9.908798570541459
431.17087534398013,10.514646848963382
436.8345464742255,11.087355963692817
442.68979952435365,11.682220161479009
448.22590978457833,12.24455660934992
453.75843269610226,12.803688954599778
459.6140357314695,13.389277769696193
465.34252412799606,13.952772059311952
471.3346914036598,14.528702499794406
477.18976946116845,15.074554697454905
483.04817237844856,15.600437078237304
488.90727526620685,16.102592841285933
494.7656781834869,16.57747346127267
500.5541015522091,17.016707754663596
506.4733844018305,17.431862269341586
512.3275874962414,17.805634782363352
518.1821405758915,18.14004698447245
524.0309188990963,18.432309150156147
529.8810971632574,18.68061889812097
535.7293505086037,18.882948164019677
541.5790037949064,19.03786221399347
547.4300570221653,19.144127731445984
553.2685107808168,19.200806738152405
559.1076645099464,19.20773836545893
564.9482181800324,19.164842706282677
570.7793222486628,19.072634823695616
576.6120012508691,18.93175403636914
582.4446802530754,18.743304147841055
588.283483996966,18.508458789048756
594.1105632353467,18.22978406748162
599.945167156368,17.9085080680471
605.7799460700089,17.547344553613325
611.6073752936287,17.14948178122619
617.4346295246289,16.71737603575849
623.2659085858788,16.253752191022663
629.1019124478566,15.761718696947058
634.9307416124328,15.245646836303138
640.7620206736827,14.708147507397408
646.5973245651822,14.1525225070825
652.4259787371388,13.583285855263172
658.2628575622144,13.002443667633035
664.0953615718012,12.41464004638735
669.9306654633007,11.822464953769904
675.7668443178981,11.22929856958831
681.6031981651149,10.638252426134974
687.4346522189844,10.052701950489674
693.2717060366793,9.474268814719252
699.105784979842,8.906273519474077
704.9477385908845,8.34992227789751
710.78846725359,7.808122629254081
716.6265710270025,7.282771842302307
722.460299984926,6.775537661765261
728.298928736197,6.286918138889941
734.1403573693808,5.818195252463843
739.9828359582818,5.3703697412187275
745.8247895693243,4.944185046179874
751.6693680696599,4.539833340805286
757.8036229890299,4.139365105403272
763.3564251588966,3.7980113569465748
769.2038035411451,3.4601414069264735
775.0476820710026,3.144315608559647
780.8903356525232,2.8499569444774027
786.7343891750003,2.576387130345358
792.5810675867705,2.3229199548844797
798.4224962199543,2.0891470428402625
804.2731994619742,1.8736984891509718
810.1191779032662,1.6762474284820423
815.9660313076562,1.4956812674215338
821.8090348744158,1.3312001510379292
827.6546633304688,1.181667593145162
833.5013417422391,1.0461834182949266
839.3478451613898,0.9238292445641101
845.1939985953014,0.8136707714149781
851.0359522063438,0.7148525864354726
856.8801807214404,0.6263733514407558
862.7287840520257,0.5473643508729001
868.5751124785569,0.47710302513958636
874.4121662962519,0.4148728733965726
880.2591946932613,0.3597367018711739
886.0990483928691,0.3111731585766563
891.9410020039115,0.2684532229063253
895.5105889537932,0.24497736572092027
