36.5,13.799970447745038
36.51,13.957933965585907
36.519999999999996,14.118612884331366
36.529999999999994,14.282069507081927
36.53999999999999,14.448367925458948
36.54999999999999,14.617574081261486
36.55999999999999,14.789755830604276
36.569999999999986,14.964983010650897
36.579999999999984,15.143327509062214
36.58999999999998,15.324863336286338
36.59999999999998,15.509666700823086
36.60999999999998,15.697816087602659
36.619999999999976,15.88939233962597
36.629999999999974,16.08447874302168
36.63999999999997,16.28316111568329
36.64999999999997,16.485527899658553
36.65999999999997,16.69167025747273
36.669999999999966,16.90168217257694
36.679999999999964,17.11566055412362
36.68999999999996,17.3337053462819
36.69999999999996,17.555919642317676
36.70999999999996,17.78240980367566
36.719999999999956,18.013285584313763
36.729999999999954,18.248660260554637
36.73999999999995,18.48865076673367
36.74999999999995,18.733377836939276
36.75999999999995,18.982966153157566
36.769999999999946,19.2375445001521
36.779999999999944,19.49724592742812
36.78999999999994,19.76220791865134
36.79999999999994,20.032572568912837
36.80999999999994,20.308486770254895
36.819999999999936,20.590102405897177
36.829999999999934,20.87757655362875
36.83999999999993,21.1710716988597
36.84999999999993,21.470755957855594
36.85999999999993,21.77680331171029
36.869999999999926,22.08939385164602
36.879999999999924,22.40871403626657
36.88999999999992,22.73495696142763
36.89999999999992,23.06832264343003
36.90999999999992,23.409018316285916
36.919999999999916,23.75725874385497
36.929999999999914,24.113266547698753
36.93999999999991,24.477272551555213
36.94999999999991,24.84951614339357
36.95999999999991,25.230245656071837
36.96999999999991,25.619718767686013
36.979999999999905,26.018202922771128
36.9899999999999,26.425975775591215
36.9999999999999,26.843325656837123
37.0099999999999,27.270552065139537
37.0199999999999,27.707966184899075
37.029999999999895,28.155891432037127
37.03999999999989,28.614664029380442
37.04999999999989,29.084633613509922
37.05999999999989,29.56616387503069
37.06999999999989,30.059633234356212
37.079999999999885,30.565435555246246
37.08999999999988,31.083980898495494
37.09999999999988,31.615696318340547
37.10999999999988,32.161026704335285
37.11999999999988,32.72043567164308
37.129999999999875,33.2944065029071
37.13999999999987,33.8834431450902
37.14999999999987,34.48807126492482
37.15999999999987,35.108839366881476
37.16999999999987,35.74631997785513
37.179999999999865,36.401110903082504
37.18999999999986,37.073836558143384
37.19999999999986,37.765149382266166
37.20999999999986,38.475731338556834
37.21999999999986,39.206295507201204
37.229999999999855,39.95758777815823
37.23999999999985,40.73038865036926
37.24999999999985,41.525515145057646
37.25999999999985,42.343822841290645
37.26999999999985,43.1862080426229
37.279999999999845,44.0536100843455
37.28999999999984,44.94701379162867
37.29999999999984,45.86745209967859
37.30999999999984,46.816008847932125
37.31999999999984,47.793821761298055
37.329999999999835,48.80208563252314
37.33999999999983,49.842055720927426
37.34999999999983,50.915051384022846
37.35999999999983,52.02245995991112
37.36999999999983,53.165740919865144
37.379999999999825,54.346430312139326
37.38999999999982,55.566145519846
37.39999999999982,56.82659035768696
37.40999999999982,58.1295605344594
37.41999999999982,59.47694951057806
37.429999999999815,60.87075478238875
37.43999999999981,62.313084627813545
37.44999999999981,63.80616535088095
37.45999999999981,65.35234906598383
37.46999999999981,66.95412206629196
37.479999999999805,68.61411382465428
37.4899999999998,70.33510667958423
37.4999999999998,72.12004626355836
37.5099999999998,73.9720527359051
37.5199999999998,75.89443288804772
37.529999999999795,77.89069319482637
37.53999999999979,79.96455389208953
37.54999999999979,82.11996416775001
37.55999999999979,84.36111856107283
37.56999999999979,86.69247467313114
37.579999999999785,89.11877230015614
37.58999999999978,91.64505411093059
37.59999999999978,94.27668799944414
37.60999999999978,97.01939125473044
37.61999999999978,99.87925670111602
37.629999999999775,102.86278097397675
37.63999999999977,105.97689510843088
37.64999999999977,109.22899763106729
37.65999999999977,112.62699035762265
37.66999999999977,116.17931711221244
37.679999999999765,119.89500559592537
37.68999999999976,123.78371264381074
37.69999999999976,127.85577311887548
37.70999999999976,132.1222526987929
37.71999999999976,136.59500481449106
37.729999999999755,141.28673199817192
37.73999999999975,146.2110518897401
37.74999999999975,151.38256813267773
37.75999999999975,156.81694636001848
37.76999999999975,162.5309954243295
37.779999999999745,168.5427539575517
37.78999999999974,174.87158225090215
37.79999999999974,181.53825931392993
37.80999999999974,188.5650847953413
37.81999999999974,195.9759852140148
37.829999999999735,203.7966236413313
37.83999999999973,212.05451157649884
37.84999999999973,220.77912124147778
37.85999999999973,230.00199586266467
37.86999999999973,239.75685466771327
37.879999999999725,250.0796882656571
37.88999999999972,261.00883874665203
37.89999999999972,272.58505717522706
37.90999999999972,284.85152908987726
37.91999999999972,297.85385608558994
37.929999999999715,311.6399784612075
37.93999999999971,326.2600201745259
37.94999999999971,341.7660328835691
37.95999999999971,358.2116105985195
37.96999999999971,375.65134039787677
37.979999999999706,394.1400478131662
37.989999999999704,413.7317880065885
37.9999999999997,434.47852607244033
38.0099999999997,456.4284422540876
38.0199999999997,479.6237915085651
38.029999999999696,504.098243081152
38.039999999999694,529.8736266139468
38.04999999999969,556.9560196195722
38.05999999999969,585.3311305895184
38.06999999999969,614.9589671234352
38.079999999999686,645.7678344442222
38.089999999999684,677.6477917385135
38.09999999999968,710.4438060991729
38.10999999999968,743.9489877230036
38.11999999999968,777.8984612283456
38.129999999999676,811.9646136120674
38.139999999999674,845.7546346575368
38.14999999999967,878.8113917614866
38.15999999999967,910.618706413264
38.16999999999967,940.6119654501351
38.179999999999666,968.1946547855923
38.189999999999664,992.7608212806914
38.19999999999966,1013.7226743660357
38.20999999999966,1030.541625394234
38.21999999999966,1042.760191550914
38.229999999999656,1050.0315696039834
38.239999999999654,1052.143512911011
38.24999999999965,1049.0335484046377
38.25999999999965,1040.7935416248654
38.26999999999965,1027.6629973962702
38.279999999999646,1010.0119925579197
38.289999999999644,988.3159573136413
38.29999999999964,963.1253921012794
38.30999999999964,935.0338958808178
38.31999999999964,904.6476107690023
38.329999999999636,872.5585019660798
38.339999999999634,839.3229974066238
38.34999999999963,805.4466102749304
38.35999999999963,771.3744091694525
38.36999999999963,737.486663945065
38.379999999999626,704.0986934185663
38.389999999999624,671.4638420128172
38.39999999999962,639.7785614698182
38.40999999999962,609.1887129898046
38.41999999999962,579.7963849926866
38.429999999999616,551.6667061002305
38.439999999999614,524.8342995958484
38.44999999999961,499.30916356827197
38.45999999999961,475.081867265583
38.46999999999961,452.1280308851983
38.479999999999606,430.4121075916829
38.489999999999604,409.8905182801078
38.4999999999996,390.5142065814297
38.5099999999996,372.2306882292282
38.5199999999996,354.98566868917646
38.529999999999596,338.72429855008994
38.539999999999594,323.39212949741335
38.54999999999959,308.9358260432142
38.55999999999959,295.3036804183207
38.56999999999959,282.4459706547884
38.579999999999586,270.3151951793912
38.589999999999584,258.8662113239742
38.59999999999958,248.05630005939682
38.60999999999958,237.8451749400204
38.61999999999958,228.19494963669163
38.629999999999576,219.0700754551248
38.639999999999574,210.43725779765632
38.64999999999957,202.26535854734487
38.65999999999957,194.52528975928212
38.66999999999957,187.18990276846262
38.679999999999566,180.23387580939496
38.689999999999564,173.6336024412401
38.69999999999956,167.36708244297893
38.70999999999956,161.413816352239
38.71999999999956,155.75470444129022
38.729999999999556,150.37195063178083
38.739999999999554,145.24897162773772
38.74999999999955,140.37031137944368
38.75999999999955,135.72156086718527
38.76999999999955,131.28928310405894
38.779999999999546,127.06094319349009
38.789999999999544,123.02484323385758
38.79999999999954,119.17006183489138
38.80999999999954,115.48639799457939
38.81999999999954,111.96431907824807
38.829999999999536,108.59491264096965
38.839999999999534,105.36984183870952
38.84999999999953,102.28130418127017
38.85999999999953,99.32199339004742
38.86999999999953,96.4850641350691
38.87999999999953,93.76409943811716
38.889999999999525,91.15308054147505
38.89999999999952,88.64635905464655
38.90999999999952,86.23863120401109
38.91999999999952,83.92491402263222
38.92999999999952,81.70052332920125
38.939999999999515,79.56105335629412
38.94999999999951,77.50235789870273
38.95999999999951,75.52053286254498
38.96999999999951,73.61190010516175
38.97999999999951,71.77299246447585
38.989999999999505,70.00053988454239
38.9999999999995,68.29145655148032
39.0099999999995,66.64282896087394
39.0199999999995,65.0519048441
39.0299999999995,63.51608288690283
39.039999999999495,62.03290317894107
39.04999999999949,60.60003833799437
39.05999999999949,59.215285257081256
39.06999999999949,57.876557426928194
39.07999999999949,56.58187779007318
39.089999999999485,55.32937208641453
39.09999999999948,54.11726265324807
39.10999999999948,52.94386264580206
39.11999999999948,51.8075706469964
39.12999999999948,50.70686563764546
39.139999999999475,49.64030230060769
39.14999999999947,48.606506634479985
39.15999999999947,47.60417185435564
39.16999999999947,46.632054558924764
39.17999999999947,45.6889711448135
39.189999999999465,44.77379445053876
39.19999999999946,43.88545061381701
39.20999999999946,43.02291612721341
39.21999999999946,42.18521507826524
39.22999999999946,41.37141656126588
39.239999999999455,40.58063224886504
39.24999999999945,39.81201411252916
39.25999999999945,39.064752281725504
39.26999999999945,38.33807303244569
39.27999999999945,37.63123689637715
39.289999999999445,36.94353688266936
39.29999999999944,36.27429680482868
39.30999999999944,35.622869705817884
39.31999999999944,34.98863637493465
39.32999999999944,34.371003950504765
39.339999999999435,33.76940460284949
39.34999999999943,33.18329429237968
39.35999999999943,32.61215159803072
39.36999999999943,32.055476611587196
39.37999999999943,31.512789893755794
39.389999999999425,30.983631488130303
39.39999999999942,30.467559989458053
39.40999999999942,29.964151662861372
39.41999999999942,29.472999610895105
39.42999999999942,28.993712985530742
39.439999999999415,28.525916242353258
39.44999999999941,28.069248434436705
39.45999999999941,27.623362543532526
39.46999999999941,27.187924846360225
39.47999999999941,26.762614313933902
39.489999999999405,26.34712204199299
39.4999999999994,25.941150710729598
39.5099999999994,25.544414072121228
39.5199999999994,25.15663646328514
39.5299999999994,24.777552344371177
39.539999999999395,24.406905859603167
39.54999999999939,24.044450420165973
39.55999999999939,23.68994830771648
39.56999999999939,23.343170297372122
39.57999999999939,23.003895299101284
39.589999999999385,22.67191001650538
39.59999999999938,22.347008622043926
39.60999999999938,22.028992447811177
39.61999999999938,21.717669691026316
39.62999999999938,21.412855133449234
39.639999999999375,21.114369873980767
39.64999999999937,20.822041073749684
39.65999999999937,20.535701713029926
39.66999999999937,20.25519035936969
39.67999999999937,19.980350946349706
39.689999999999365,19.711032562421863
39.69999999999936,19.447089249310448
39.70999999999936,19.188379809488076
39.71999999999936,18.934767622265667
39.72999999999936,18.686120468062146
39.739999999999355,18.442310360443404
39.74999999999935,18.203213385543332
39.75999999999935,17.96870954850086
39.76999999999935,17.738682626567197
39.77999999999935,17.51302002855643
39.789999999999345,17.291612660330333
39.79999999999934,17.074354796025045
39.80999999999934,16.861143954742893
39.81999999999934,16.651880782447684
39.82999999999934,16.44646893881537
39.839999999999336,16.24481498880548
39.84999999999933,16.04682829873079
39.85999999999933,15.852420936614557
39.86999999999933,15.661507576635405
39.87999999999933,15.47400540747057
39.889999999999326,15.289834044357685
39.899999999999324,15.108915444704781
39.90999999999932,14.931173827086532
39.91999999999932,14.75653559347337
39.92999999999932,14.584929254547525
39.939999999999316,14.416285357967524
39.949999999999314,14.25053641944949
39.95999999999931,14.087616856540276
39.96999999999931,13.927462924963535
39.97999999999931,13.770012657425573
39.989999999999306,13.615205804773645
39.999999999999304,13.462983779404302
40.0099999999993,13.313289600824513
40.0199999999993,13.166067843272852
40.0299999999993,13.02126458531266
40.039999999999296,12.878827361313075
40.049999999999294,12.738705114738009
40.05999999999929,12.600848153166739
40.06999999999929,12.46520810497355
40.07999999999929,12.331737877597144
40.089999999999286,12.200391617333722
40.099999999999284,12.071124670590835
40.10999999999928,11.943893546541897
40.11999999999928,11.818655881124004
40.12999999999928,11.69537040232439
40.139999999999276,11.573996896703248
40.149999999999274,11.454496177103108
40.15999999999927,11.33683005149709
40.16999999999927,11.22096129293053
40.17999999999927,11.106853610512575
40.189999999999266,10.994471621416144
40.199999999999264,10.88378082384657
40.20999999999926,10.774747570940928
40.21999999999926,10.66733904556181
40.22999999999926,10.561523235950748
40.239999999999256,10.457268912208066
40.249999999999254,10.354545603567443
40.25999999999925,10.253323576434683
40.26999999999925,10.153573813161575
40.27999999999925,10.055267991527007
40.289999999999246,9.958378464898543
40.299999999999244,9.862878243048987
40.30999999999924,9.768740973603286
40.31999999999924,9.67594092409242
40.32999999999924,9.584452964591689
40.339999999999236,9.494252550921846
40.349999999999234,9.405315708392365
40.35999999999923,9.317619016067033
40.36999999999923,9.231139591532841
40.37999999999923,9.145855076153849
40.389999999999226,9.061743620792615
40.399999999999224,8.978783871982284
40.40999999999922,8.896954958533257
40.41999999999922,8.816236478558924
40.42999999999922,8.736608486905594
40.439999999999216,8.65805148297234
40.449999999999214,8.580546398907048
40.45999999999921,8.50407458816544
40.46999999999921,8.428617814420473
40.47999999999921,8.354158240809921
40.489999999999206,8.280678419510368
