36.5,143.79997044774504
36.51,143.9579339655859
36.519999999999996,144.11861288433136
36.529999999999994,144.28206950708193
36.53999999999999,144.44836792545894
36.54999999999999,144.6175740812615
36.55999999999999,144.78975583060426
36.569999999999986,144.96498301065088
36.579999999999984,145.1433275090622
36.58999999999998,145.32486333628634
36.59999999999998,145.5096667008231
36.60999999999998,145.69781608760266
36.619999999999976,145.88939233962597
36.629999999999974,146.0844787430217
36.63999999999997,146.2831611156833
36.64999999999997,146.48552789965856
36.65999999999997,146.69167025747274
36.669999999999966,146.90168217257695
36.679999999999964,147.11566055412362
36.68999999999996,147.3337053462819
36.69999999999996,147.5559196423177
36.70999999999996,147.78240980367565
36.719999999999956,148.01328558431376
36.729999999999954,148.24866026055463
36.73999999999995,148.48865076673366
36.74999999999995,148.73337783693927
36.75999999999995,148.98296615315758
36.769999999999946,149.2375445001521
36.779999999999944,149.4972459274281
36.78999999999994,149.76220791865134
36.79999999999994,150.03257256891283
36.80999999999994,150.3084867702549
36.819999999999936,150.59010240589717
36.829999999999934,150.87757655362876
36.83999999999993,151.1710716988597
36.84999999999993,151.4707559578556
36.85999999999993,151.7768033117103
36.869999999999926,152.089393851646
36.879999999999924,152.40871403626656
36.88999999999992,152.73495696142763
36.89999999999992,153.06832264343004
36.90999999999992,153.4090183162859
36.919999999999916,153.75725874385498
36.929999999999914,154.11326654769874
36.93999999999991,154.47727255155522
36.94999999999991,154.84951614339357
36.95999999999991,155.23024565607184
36.96999999999991,155.619718767686
36.979999999999905,156.01820292277114
36.9899999999999,156.4259757755912
36.9999999999999,156.84332565683712
37.0099999999999,157.27055206513953
37.0199999999999,157.70796618489908
37.029999999999895,158.15589143203712
37.03999999999989,158.61466402938044
37.04999999999989,159.08463361350994
37.05999999999989,159.5661638750307
37.06999999999989,160.05963323435623
37.079999999999885,160.56543555524624
37.08999999999988,161.0839808984955
37.09999999999988,161.61569631834055
37.10999999999988,162.16102670433528
37.11999999999988,162.7204356716431
37.129999999999875,163.2944065029071
37.13999999999987,163.8834431450902
37.14999999999987,164.48807126492483
37.15999999999987,165.10883936688148
37.16999999999987,165.74631997785514
37.179999999999865,166.4011109030825
37.18999999999986,167.0738365581434
37.19999999999986,167.76514938226617
37.20999999999986,168.47573133855684
37.21999999999986,169.20629550720122
37.229999999999855,169.95758777815823
37.23999999999985,170.73038865036926
37.24999999999985,171.52551514505765
37.25999999999985,172.34382284129066
37.26999999999985,173.1862080426229
37.279999999999845,174.0536100843455
37.28999999999984,174.94701379162868
37.29999999999984,175.8674520996786
37.30999999999984,176.81600884793212
37.31999999999984,177.79382176129806
37.329999999999835,178.80208563252313
37.33999999999983,179.84205572092742
37.34999999999983,180.91505138402283
37.35999999999983,182.02245995991112
37.36999999999983,183.16574091986513
37.379999999999825,184.34643031213932
37.38999999999982,185.566145519846
37.39999999999982,186.82659035768697
37.40999999999982,188.12956053445942
37.41999999999982,189.47694951057807
37.429999999999815,190.87075478238876
37.43999999999981,192.31308462781354
37.44999999999981,193.80616535088095
37.45999999999981,195.35234906598384
37.46999999999981,196.95412206629197
37.479999999999805,198.61411382465428
37.4899999999998,200.33510667958421
37.4999999999998,202.12004626355838
37.5099999999998,203.9720527359051
37.5199999999998,205.89443288804773
37.529999999999795,207.89069319482638
37.53999999999979,209.96455389208953
37.54999999999979,212.11996416775003
37.55999999999979,214.36111856107283
37.56999999999979,216.69247467313113
37.579999999999785,219.11877230015614
37.58999999999978,221.64505411093057
37.59999999999978,224.27668799944414
37.60999999999978,227.01939125473044
37.61999999999978,229.87925670111602
37.629999999999775,232.86278097397675
37.63999999999977,235.97689510843088
37.64999999999977,239.22899763106727
37.65999999999977,242.62699035762265
37.66999999999977,246.17931711221246
37.679999999999765,249.89500559592537
37.68999999999976,253.78371264381076
37.69999999999976,257.8557731188755
37.70999999999976,262.12225269879286
37.71999999999976,266.59500481449106
37.729999999999755,271.28673199817194
37.73999999999975,276.21105188974013
37.74999999999975,281.38256813267776
37.75999999999975,286.8169463600185
37.76999999999975,292.5309954243295
37.779999999999745,298.54275395755167
37.78999999999974,304.8715822509022
37.79999999999974,311.5382593139299
37.80999999999974,318.5650847953413
37.81999999999974,325.9759852140148
37.829999999999735,333.7966236413313
37.83999999999973,342.05451157649884
37.84999999999973,350.7791212414778
37.85999999999973,360.00199586266467
37.86999999999973,369.75685466771324
37.879999999999725,380.07968826565707
37.88999999999972,391.00883874665203
37.89999999999972,402.58505717522706
37.90999999999972,414.85152908987726
37.91999999999972,427.85385608558994
37.929999999999715,441.6399784612075
37.93999999999971,456.2600201745259
37.94999999999971,471.7660328835691
37.95999999999971,488.2116105985195
37.96999999999971,505.65134039787677
37.979999999999706,524.1400478131661
37.989999999999704,543.7317880065884
37.9999999999997,564.4785260724403
38.0099999999997,586.4284422540876
38.0199999999997,609.6237915085651
38.029999999999696,634.0982430811521
38.039999999999694,659.8736266139468
38.04999999999969,686.9560196195722
38.05999999999969,715.3311305895184
38.06999999999969,744.9589671234352
38.079999999999686,775.7678344442222
38.089999999999684,807.6477917385135
38.09999999999968,840.4438060991729
38.10999999999968,873.9489877230036
38.11999999999968,907.8984612283456
38.129999999999676,941.9646136120674
38.139999999999674,975.7546346575368
38.14999999999967,1008.8113917614866
38.15999999999967,1040.6187064132641
38.16999999999967,1070.6119654501351
38.179999999999666,1098.1946547855923
38.189999999999664,1122.7608212806913
38.19999999999966,1143.7226743660358
38.20999999999966,1160.541625394234
38.21999999999966,1172.760191550914
38.229999999999656,1180.0315696039834
38.239999999999654,1182.143512911011
38.24999999999965,1179.0335484046377
38.25999999999965,1170.7935416248654
38.26999999999965,1157.6629973962702
38.279999999999646,1140.0119925579197
38.289999999999644,1118.3159573136413
38.29999999999964,1093.1253921012794
38.30999999999964,1065.033895880818
38.31999999999964,1034.6476107690023
38.329999999999636,1002.5585019660798
38.339999999999634,969.3229974066238
38.34999999999963,935.4466102749304
38.35999999999963,901.3744091694525
38.36999999999963,867.486663945065
38.379999999999626,834.0986934185663
38.389999999999624,801.4638420128172
38.39999999999962,769.7785614698182
38.40999999999962,739.1887129898046
38.41999999999962,709.7963849926866
38.429999999999616,681.6667061002305
38.439999999999614,654.8342995958484
38.44999999999961,629.309163568272
38.45999999999961,605.081867265583
38.46999999999961,582.1280308851983
38.479999999999606,560.4121075916829
38.489999999999604,539.8905182801078
38.4999999999996,520.5142065814297
38.5099999999996,502.2306882292282
38.5199999999996,484.98566868917646
38.529999999999596,468.72429855008994
38.539999999999594,453.39212949741335
38.54999999999959,438.9358260432142
38.55999999999959,425.3036804183207
38.56999999999959,412.4459706547884
38.579999999999586,400.3151951793912
38.589999999999584,388.8662113239742
38.59999999999958,378.0563000593968
38.60999999999958,367.8451749400204
38.61999999999958,358.1949496366916
38.629999999999576,349.07007545512477
38.639999999999574,340.43725779765634
38.64999999999957,332.2653585473449
38.65999999999957,324.52528975928215
38.66999999999957,317.1899027684626
38.679999999999566,310.23387580939493
38.689999999999564,303.6336024412401
38.69999999999956,297.3670824429789
38.70999999999956,291.413816352239
38.71999999999956,285.7547044412902
38.729999999999556,280.3719506317808
38.739999999999554,275.2489716277377
38.74999999999955,270.3703113794437
38.75999999999955,265.7215608671853
38.76999999999955,261.289283104059
38.779999999999546,257.0609431934901
38.789999999999544,253.0248432338576
38.79999999999954,249.17006183489144
38.80999999999954,245.48639799457948
38.81999999999954,241.96431907824825
38.829999999999536,238.59491264096994
38.839999999999534,235.36984183870993
38.84999999999953,232.28130418127083
38.85999999999953,229.32199339004842
38.86999999999953,226.48506413507067
38.87999999999953,223.7640994381196
38.889999999999525,221.1530805414788
38.89999999999952,218.6463590546523
38.90999999999952,216.2386312040199
38.91999999999952,213.92491402264568
38.92999999999952,211.70052332922174
38.939999999999515,209.5610533563252
38.94999999999951,207.50235789874972
38.95999999999951,205.52053286261585
38.96999999999951,203.6119001052682
38.97999999999951,201.77299246463525
38.989999999999505,200.0005398847803
38.9999999999995,198.29145655183424
39.0099999999995,196.64282896139866
39.0199999999995,195.0519048448754
39.0299999999995,193.51608288804493
39.039999999999495,192.03290318061775
39.04999999999949,190.60003834044772
39.05999999999949,189.21528526065927
39.06999999999949,187.8765574321293
39.07999999999949,186.58187779760868
39.089999999999485,185.32937209729633
39.09999999999948,184.11726266891043
39.10999999999948,182.943862668271
39.11999999999948,181.8075706791239
39.12999999999948,180.70686568343223
39.139999999999475,179.64030236564633
39.14999999999947,178.60650672656135
39.15999999999947,177.604171984295
39.16999999999947,176.6320547416836
39.17999999999947,175.68897140101683
39.189999999999465,174.7737948085197
39.19999999999946,173.88545111236135
39.20999999999946,173.0229168192298
39.21999999999946,172.1852160356746
39.22999999999946,171.37141788149006
39.239999999999455,170.5806340634045
39.24999999999945,169.81201659825865
39.25999999999945,169.0647556757114
39.26999999999945,168.33807765130697
39.27999999999945,167.63124316148458
39.289999999999445,166.9435453528143
39.29999999999944,166.27430821840852
39.30999999999944,165.62288503509365
39.31999999999944,164.9886568955373
39.32999999999944,164.3710313301176
39.339999999999435,163.7694410139003
39.34999999999943,163.18334255466027
39.35999999999943,162.6122153584531
39.36999999999943,162.05556056981223
39.37999999999943,161.51290008422427
39.389999999999425,160.9837756311209
39.39999999999942,160.4677479262221
39.40999999999942,159.9643958926756
39.41999999999942,159.4733159510561
39.42999999999942,158.99412137891792
39.439999999999415,158.52644174122634
39.44999999999941,158.06992239361887
39.45999999999941,157.6242240610609
39.46999999999941,157.18902249503952
39.47999999999941,156.76400821297133
39.489999999999405,156.34888632395933
39.4999999999994,155.94337644539343
39.5099999999994,155.54721271511744
39.5199999999994,155.16014390394525
39.5299999999994,154.78193363316012
39.539999999999395,154.41236070123125
39.54999999999939,154.05121952327983
39.55999999999939,153.6983206857816
39.56999999999939,153.353491617549
39.57999999999939,153.01657737615497
39.589999999999385,152.6874415465962
39.59999999999938,152.3659672461163
39.60999999999938,152.05205822569462
39.61999999999938,151.74564005474696
39.62999999999938,151.44666137108769
39.639999999999375,151.15509517320243
39.64999999999937,150.8709401264271
39.65999999999937,150.5942218488117
39.66999999999937,150.32499413637584
39.67999999999937,150.06334008128437
39.689999999999365,149.8093730303726
39.69999999999936,149.5632373256335
39.70999999999936,149.3251087630036
39.71999999999936,149.09519470130982
39.72999999999936,148.87373374987325
39.739999999999355,148.66099496130957
39.74999999999935,148.45727645584358
39.75999999999935,148.26290340527171
39.76999999999935,148.0782253088575
39.77999999999935,147.90361250018725
39.789999999999345,147.73945183355542
39.79999999999934,147.58614151093772
39.80999999999934,147.44408502610338
39.81999999999934,147.3136842208872
39.82999999999934,147.19533146993973
39.839999999999336,147.08940103413795
39.84999999999933,146.9962396488793
39.85999999999933,146.91615644117314
39.86999999999933,146.8494122981403
39.87999999999933,146.79620883846087
39.889999999999326,146.75667716659544
39.899999999999324,146.7308666162862
39.90999999999932,146.71873371389552
39.91999999999932,146.72013161251377
39.92999999999932,146.73480026342088
39.939999999999316,146.7623576014267
39.949999999999314,146.80229202394335
39.95999999999931,146.85395643959382
39.96999999999931,146.91656415014822
39.97999999999931,146.98918680923794
39.989999999999306,147.0707546725057
39.999999999999304,147.16005931677495
40.0099999999993,147.25575896091777
40.0199999999993,147.3563864691319
40.0299999999993,147.46036005936406
40.039999999999296,147.5659966769788
40.049999999999294,147.67152792806638
40.05999999999929,147.77511839980932
40.06999999999929,147.87488612904738
40.07999999999929,147.96892491664167
40.089999999999286,148.05532812651919
40.099999999999284,148.13221355639394
40.10999999999928,148.19774892400153
40.11999999999928,148.250177479933
40.12999999999928,148.28784323721317
40.139999999999276,148.30921529970553
40.149999999999274,148.3129107769108
40.15999999999927,148.29771579200232
40.16999999999927,148.26260412279981
40.17999999999927,148.2067530611605
40.189999999999266,148.12955613385338
40.199999999999264,148.03063239586533
40.20999999999926,147.90983208338167
40.21999999999926,147.76723849621663
40.22999999999926,147.60316606583032
40.239999999999256,147.41815465272686
40.249999999999254,147.21296020339184
40.25999999999925,146.98854197945664
40.26999999999925,146.74604664807282
40.27999999999925,146.48678959036107
40.289999999999246,146.2122338423856
40.299999999999244,145.9239671288816
40.30999999999924,145.6236774828201
40.31999999999924,145.31312796316988
40.32999999999924,144.99413098869977
40.339999999999236,144.6685227975997
40.349999999999234,144.33813852175678
40.35999999999923,144.0047883317693
40.36999999999923,143.670235065621
40.37999999999923,143.33617370204962
40.389999999999226,143.00421298092235
40.399999999999224,142.67585940938895
40.40999999999922,142.35250382630065
40.41999999999922,142.03541063040578
40.42999999999922,141.72570971212377
40.439999999999216,141.4243910660582
40.449999999999214,141.132302003432
40.45999999999921,140.8501468316543
40.46999999999921,140.5784888233221
40.47999999999921,140.3177542598771
40.489999999999206,140.0682383063446
