36.5,7.635696303651897e-98
36.51,2.580521115552229e-97
36.519999999999996,8.692303971154341e-97
36.529999999999994,2.918307902770918e-96
36.53999999999999,9.765534867063711e-96
36.54999999999999,3.257089380315162e-95
36.55999999999999,1.0827595823976061e-94
36.569999999999986,3.5875925467778475e-94
36.579999999999984,1.1847941688937194e-93
36.58999999999998,3.899881589141021e-93
36.59999999999998,1.2794657109017191e-92
36.60999999999998,4.1838354931174654e-92
36.619999999999976,1.363607138536325e-91
36.629999999999974,4.429683021196251e-91
36.63999999999997,1.4342496479915416e-90
36.64999999999997,4.628556522877057e-90
36.65999999999997,1.4887957112085793e-89
36.669999999999966,4.773021210464117e-89
36.679999999999964,1.5251773159288645e-88
36.68999999999996,4.8575360034700144e-88
36.69999999999996,1.5419860220414936e-87
36.70999999999996,4.878806158715885e-87
36.719999999999956,1.5385634376095708e-86
36.729999999999954,4.8359964095702896e-86
36.73999999999995,1.5150440133383315e-85
36.74999999999995,4.730785394807459e-85
36.75999999999995,1.472346278200216e-84
36.769999999999946,4.567256433213049e-84
36.779999999999944,1.412113312579378e-83
36.78999999999994,4.351634550569765e-83
36.79999999999994,1.3366078363235343e-82
36.80999999999994,4.0918933659272804e-82
36.819999999999936,1.248571248253349e-81
36.829999999999934,3.7972664315313834e-81
36.83999999999993,1.1510588492830144e-80
36.84999999999993,3.4777047122497896e-80
36.85999999999993,1.0472650190558326e-79
36.869999999999926,3.1433244363757106e-79
36.879999999999924,9.403521849024755e-79
36.88999999999992,2.8038875030654466e-78
36.89999999999992,8.332961010539315e-78
36.90999999999992,2.468350521979491e-77
36.919999999999916,7.287574924584454e-77
36.929999999999914,2.1445093844337124e-76
36.93999999999991,6.289868807033106e-76
36.94999999999991,1.8387553144235607e-75
36.95999999999991,5.357658310101096e-75
36.96999999999991,1.5559470088289544e-74
36.979999999999905,4.5038436879898705e-74
36.9899999999999,1.2993930345981584e-73
36.9999999999999,3.736512825301069e-73
37.0099999999999,1.0709301314846865e-72
37.0199999999999,3.0593172568412853e-72
37.029999999999895,8.710771324212194e-72
37.03999999999989,2.4720510033225367e-71
37.04999999999989,6.992411184188265e-71
37.05999999999989,1.971356678533605e-70
37.06999999999989,5.5395205272497656e-70
37.079999999999885,1.5514860011848875e-69
37.08999999999988,4.3310406957456655e-69
37.09999999999988,1.2050508834835194e-68
37.10999999999988,3.341852090437453e-68
37.11999999999988,9.237145420437346e-68
37.129999999999875,2.5448199172029408e-67
37.13999999999987,6.987873707299234e-67
37.14999999999987,1.9125013804811552e-66
37.15999999999987,5.217076260978161e-66
37.16999999999987,1.4184738396876255e-65
37.179999999999865,3.844007214609311e-65
37.18999999999986,1.0382830765625343e-64
37.19999999999986,2.79522051021873e-64
37.20999999999986,7.500411502208254e-64
37.21999999999986,2.00596257319025e-63
37.229999999999855,5.34723509058816e-63
37.23999999999985,1.4207067650713884e-62
37.24999999999985,3.7622559398122287e-62
37.25999999999985,9.930267380579816e-62
37.26999999999985,2.612415585412393e-61
37.279999999999845,6.850027382039015e-61
37.28999999999984,1.790239218041705e-60
37.29999999999984,4.6633557121362996e-60
37.30999999999984,1.2107507278332034e-59
37.31999999999984,3.1331389202558234e-59
37.329999999999835,8.081152119594656e-59
37.33999999999983,2.0774741583763842e-58
37.34999999999983,5.3231253903796354e-58
37.35999999999983,1.3594601461773035e-57
37.36999999999983,3.4604691518780343e-57
37.379999999999825,8.779548890990037e-57
37.38999999999982,2.220128638322578e-56
37.39999999999982,5.595679015774268e-56
37.40999999999982,1.4057114007840836e-55
37.41999999999982,3.519721150327794e-55
37.429999999999815,8.783934050876036e-55
37.43999999999981,2.1849353584762686e-54
37.44999999999981,5.416975072020296e-54
37.45999999999981,1.338578357838705e-53
37.46999999999981,3.2968522073542874e-53
37.479999999999805,8.09326715447007e-53
37.4899999999998,1.98023618380064e-52
37.4999999999998,4.8292403994565945e-52
37.5099999999998,1.1738412746897012e-51
37.5199999999998,2.843862830276101e-51
37.529999999999795,6.86715154613218e-51
37.53999999999979,1.6527734816450167e-50
37.54999999999979,3.9647769362445143e-50
37.55999999999979,9.479662997227683e-50
37.56999999999979,2.259101564237414e-49
37.579999999999785,5.365958777062752e-49
37.58999999999978,1.2703623835181234e-48
37.59999999999978,2.9976204076421657e-48
37.60999999999978,7.050085206454108e-48
37.61999999999978,1.652649713860108e-47
37.629999999999775,3.8613216269040447e-47
37.63999999999977,8.992073746329136e-47
37.64999999999977,2.0871442239745706e-46
37.65999999999977,4.828517152122019e-46
37.66999999999977,1.1133810222360476e-45
37.679999999999765,2.5588366836461507e-45
37.68999999999976,5.861517146100723e-45
37.69999999999976,1.3382776624184246e-44
37.70999999999976,3.0454476338787694e-44
37.71999999999976,6.907561515630272e-44
37.729999999999755,1.5615903048976574e-43
37.73999999999975,3.5186669728141684e-43
37.74999999999975,7.902380606724785e-43
37.75999999999975,1.768912859809885e-42
37.76999999999975,3.946604922494366e-42
37.779999999999745,8.77626210487092e-42
37.78999999999974,1.9451998825846265e-41
37.79999999999974,4.297220136252073e-41
37.80999999999974,9.461929053842107e-41
37.81999999999974,2.0765409043799853e-40
37.829999999999735,4.542239307544585e-40
37.83999999999973,9.903033539597943e-40
37.84999999999973,2.151965013837712e-39
37.85999999999973,4.66091175659522e-39
37.86999999999973,1.0061790552337877e-38
37.879999999999725,2.1649525521115243e-38
37.88999999999972,4.642909413316095e-38
37.89999999999972,9.924319922541967e-38
37.90999999999972,2.1143652825162654e-37
37.91999999999972,4.489810386316965e-37
37.929999999999715,9.502649244918079e-37
37.93999999999971,2.004611031232997e-36
37.94999999999971,4.214870643587629e-36
37.95999999999971,8.832977065386826e-36
37.96999999999971,1.845009781496278e-35
37.979999999999706,3.8411296033001347e-35
37.989999999999704,7.970544057046367e-35
37.9999999999997,1.6484876210434173e-34
38.0099999999997,3.3982250082852853e-34
38.0199999999997,6.982119713222726e-34
38.029999999999696,1.4298522654728843e-33
38.039999999999694,2.9185273170826885e-33
38.04999999999969,5.937519859211383e-33
38.05999999999969,1.2039684479260958e-32
38.06999999999969,2.4332899021405363e-32
38.079999999999686,4.901638966945411e-32
38.089999999999684,9.841414045454975e-32
38.09999999999968,1.96943841743174e-31
38.10999999999968,3.9282220111301783e-31
38.11999999999968,7.809412478690736e-31
38.129999999999676,1.5474243163974088e-30
38.139999999999674,3.0561114640147373e-30
38.14999999999967,6.0158594430663816e-30
38.15999999999967,1.1803067455408205e-29
38.16999999999967,2.3081329212499594e-29
38.179999999999666,4.4987872904625644e-29
38.189999999999664,8.73974620869285e-29
38.19999999999966,1.692274853897292e-28
38.20999999999966,3.265966296529584e-28
38.21999999999966,6.282336778559116e-28
38.229999999999656,1.2044795952466784e-27
38.239999999999654,2.301687706260099e-27
38.24999999999965,4.3839144127545854e-27
38.25999999999965,8.32235914245219e-27
38.26999999999965,1.5747062736715426e-26
38.279999999999646,2.9697601812308175e-26
38.289999999999644,5.582283901340582e-26
38.29999999999964,1.0458542790915506e-25
38.30999999999964,1.952986104262618e-25
38.31999999999964,3.6349282827379312e-25
38.329999999999636,6.743125735869786e-25
38.339999999999634,1.2467959613879733e-24
38.34999999999963,2.2977259741432223e-24
38.35999999999963,4.220557275479146e-24
38.36999999999963,7.726985205276146e-24
38.379999999999626,1.409999897049701e-23
38.389999999999624,2.5644651347974626e-23
38.39999999999962,4.648825394929808e-23
38.40999999999962,8.399595814942863e-23
38.41999999999962,1.5126632641866422e-22
38.429999999999616,2.7151563881407296e-22
38.439999999999614,4.857537436080015e-22
38.44999999999961,8.661760699240089e-22
38.45999999999961,1.5394476460334778e-21
38.46999999999961,2.7270455018514282e-21
38.479999999999606,4.8149143122403e-21
38.489999999999604,8.473317086879958e-21
38.4999999999996,1.4862335908667224e-20
38.5099999999996,2.5983006648237885e-20
38.5199999999996,4.527520797718249e-20
38.529999999999596,7.863216281652821e-20
38.539999999999594,1.361158521705081e-19
38.54999999999959,2.348474827097163e-19
38.55999999999959,4.038609199130111e-19
38.56999999999959,6.922237069798775e-19
38.579999999999586,1.1825780809927244e-18
38.589999999999584,2.013640322799141e-18
38.59999999999958,3.4174541081821653e-18
38.60999999999958,5.7808566624051945e-18
38.61999999999958,9.746539084386404e-18
38.629999999999576,1.6378622531432553e-17
38.639999999999574,2.743298318610761e-17
38.64999999999957,4.5797040967657126e-17
38.65999999999957,7.620272767205117e-17
38.66999999999957,1.263782489943931e-16
38.679999999999566,2.0890213004967932e-16
38.689999999999564,3.4417721851575107e-16
38.69999999999956,5.651843016631117e-16
38.70999999999956,9.250533461050104e-16
38.71999999999956,1.509079724431829e-15
38.729999999999556,2.4537273717414982e-15
38.739999999999554,3.9765747344162396e-15
38.74999999999955,6.423337001427952e-15
38.75999999999955,1.0341439244645306e-14
38.76999999999955,1.6594721930466408e-14
38.779999999999546,2.6541636197304155e-14
38.789999999999544,4.2311081114752566e-14
38.79999999999954,6.72278574478241e-14
38.80999999999954,1.0646653903229434e-13
38.81999999999954,1.6805278736560627e-13
38.829999999999536,2.64391215669257e-13
38.839999999999534,4.145882993099784e-13
38.84999999999953,6.479713115741685e-13
38.85999999999953,1.0093998438502878e-12
38.86999999999953,1.5672540687669723e-12
38.87999999999953,2.425405156560699e-12
38.889999999999525,3.741087835648031e-12
38.89999999999952,5.7514881741221464e-12
38.90999999999952,8.813152298667645e-12
38.91999999999952,1.3460185247755988e-11
38.92999999999952,2.0489884795602152e-11
38.939999999999515,3.1088281375586e-11
38.94999999999951,4.701350487764287e-11
38.95999999999951,7.086262927402944e-11
38.96999999999951,1.0645856629585472e-10
38.97999999999951,1.5940894288252274e-10
38.989999999999505,2.3791042249315925e-10
38.9999999999995,3.539019637651034e-10
39.0099999999995,5.247122393189661e-10
39.0199999999995,7.754041739396886e-10
39.0299999999995,1.1420991074591563e-09
39.039999999999495,1.6766722155883612e-09
39.04999999999949,2.453359891229329e-09
39.05999999999949,3.5780225394121713e-09
39.06999999999949,5.201080803084044e-09
39.07999999999949,7.535513421068925e-09
39.089999999999485,1.0881801818827472e-08
39.09999999999948,1.5662370549084615e-08
39.10999999999948,2.246895604620565e-08
39.11999999999948,3.21275059449923e-08
39.12999999999948,4.578675321719238e-08
39.139999999999475,6.503863260782953e-08
39.14999999999947,9.208134904017055e-08
39.15999999999947,1.2993934178352594e-07
39.16999999999947,1.8275883015928168e-07
39.17999999999947,2.5620334420377007e-07
39.189999999999465,3.579809670068583e-07
39.19999999999946,4.985443482758281e-07
39.20999999999946,6.920163818492317e-07
39.21999999999946,9.574093654983168e-07
39.22999999999946,1.3202241881822825e-06
39.239999999999455,1.8145394595557237e-06
39.24999999999945,2.4857294996716956e-06
39.25999999999945,3.3939858990688945e-06
39.26999999999945,4.618861275424338e-06
39.27999999999945,6.265107417703374e-06
39.289999999999445,8.470144944369455e-06
39.29999999999944,1.1413579828122418e-05
39.30999999999944,1.53292757636052e-05
39.31999999999944,2.0520602651940765e-05
39.32999999999944,2.737961285384814e-05
39.339999999999435,3.641105080529676e-05
39.34999999999943,4.826228057936036e-05
39.35999999999943,6.376042239331909e-05
39.36999999999943,8.395822503911705e-05
39.37999999999943,0.00011019046848600668
39.389999999999425,0.00014414299057682772
39.39999999999942,0.00018793676405840954
39.40999999999942,0.00024422981424184056
39.41999999999942,0.000316340160985509
39.42999999999942,0.00040839338718849595
39.439999999999415,0.0005254988730827838
39.44999999999941,0.0006739591821646816
39.45999999999941,0.0008615175283659821
39.46999999999941,0.0010976486792915823
39.47999999999941,0.0013938990374256514
39.489999999999405,0.0017642819663295213
39.4999999999994,0.002225734663818019
39.5099999999994,0.00279864299622672
39.5199999999994,0.00350744066011314
39.5299999999994,0.004381288788958798
39.539999999999395,0.005454841628078571
39.54999999999939,0.006769103113853809
39.55999999999939,0.008372378065118907
39.56999999999939,0.010321320176880961
39.57999999999939,0.012682077053693503
39.589999999999385,0.01553153009083259
39.59999999999938,0.018958624072371956
39.60999999999938,0.023065777883444227
39.61999999999938,0.027970363720630064
39.62999999999938,0.03380623763845639
39.639999999999375,0.040725299221668725
39.64999999999937,0.048899052677398844
39.65999999999937,0.05852013578179523
39.66999999999937,0.06980377700613886
39.67999999999937,0.08298913493467186
39.689999999999365,0.09834046795073327
39.69999999999936,0.1161480763230643
39.70999999999936,0.13672895351552922
39.71999999999936,0.16042707904416853
39.72999999999936,0.18761328181111198
39.739999999999355,0.21868460086616617
39.74999999999935,0.25406307030024367
39.75999999999935,0.29419385677084386
39.76999999999935,0.33954268229031026
39.77999999999935,0.39059247163081134
39.789999999999345,0.4478391732250781
39.79999999999934,0.5117867149126687
39.80999999999934,0.5829410713604759
39.81999999999934,0.6618034384395273
39.82999999999934,0.7488625311243491
39.839999999999336,0.8445860453324575
39.84999999999933,0.9494113501485142
39.85999999999933,1.0637355045585855
39.86999999999933,1.1879047215049032
39.87999999999933,1.3222034309903026
39.889999999999326,1.4668431222377512
39.899999999999324,1.621951171581406
39.90999999999932,1.7875598868089728
39.91999999999932,1.9635960190404
39.92999999999932,2.1498710088733515
39.939999999999316,2.3460722434591537
39.949999999999314,2.551755604493864
39.95999999999931,2.766339583053531
39.96999999999931,2.9891012251846787
39.97999999999931,3.219174151812351
39.989999999999306,3.455548867732046
39.999999999999304,3.6970755373706554
40.0099999999993,3.9424693600932526
40.0199999999993,4.190318625859038
40.0299999999993,4.439095474051394
40.039999999999296,4.687169315665736
40.049999999999294,4.932822813328364
40.05999999999929,5.1742702466425845
40.06999999999929,5.409678024073826
40.07999999999929,5.637187039044513
40.089999999999286,5.854936509185465
40.099999999999284,6.061088885803094
40.10999999999928,6.2538553774596215
40.11999999999928,6.431521598808996
40.12999999999928,6.592472834888781
40.139999999999276,6.735218403002275
40.149999999999274,6.858414599807696
40.15999999999927,6.96088574050523
40.16999999999927,7.04164282986929
40.17999999999927,7.099899450647921
40.189999999999266,7.1350845124372535
40.199999999999264,7.1468515720187415
40.20999999999926,7.135084512440729
40.21999999999926,7.099899450654838
40.22999999999926,7.04164282987958
40.239999999999256,6.960885740518791
40.249999999999254,6.858414599824398
40.25999999999925,6.735218403021959
40.26999999999925,6.592472834911258
40.27999999999925,6.431521598834057
40.289999999999246,6.253855377487037
40.299999999999244,6.061088885832615
40.30999999999924,5.854936509216834
40.31999999999924,5.637187039077462
40.32999999999924,5.40967802410808
40.339999999999236,5.174270246677868
40.349999999999234,4.932822813364404
40.35999999999923,4.687169315702264
40.36999999999923,4.439095474088151
40.37999999999923,4.1903186258957765
40.389999999999226,3.942469360129738
40.399999999999224,3.6970755374066706
40.40999999999922,3.455548867767391
40.41999999999922,3.2191741518468464
40.42999999999922,2.989101225218165
40.439999999999216,2.7663395830858684
40.449999999999214,2.5517556045249363
40.45999999999921,2.3460722434888637
40.46999999999921,2.1498710089016244
40.47999999999921,1.9635960190671797
40.489999999999206,1.7875598868342224
