300.0,0.2114266273995298
300.5,0.2181236840332136
301.0,0.2251212383770012
301.5,0.23243590603748798
302.0,0.24008531491640747
302.5,0.24808816203690423
303.0,0.2564642713109972
303.5,0.2652346516143891
304.0,0.2744215543395187
304.5,0.2840485293584245
305.0,0.294140478034975
305.5,0.30472370157125656
306.0,0.31582594254379925
306.5,0.32747641696863977
307.0,0.33970583361505774
307.5,0.35254639654969666
308.0,0.3660317860178732
308.5,0.3801971117385272
309.0,0.3950788314848477
309.5,0.4107146264269294
310.0,0.427143223112209
310.5,0.4444041501468342
311.0,0.4625374156204843
311.5,0.48158308910942815
312.0,0.5015807697438942
312.5,0.5225689194180557
313.0,0.5445840378854573
313.5,0.567659654417114
314.0,0.5918251091875121
314.5,0.6171040969874955
315.0,0.6435129467661155
315.5,0.6710586135513135
316.0,0.6997363653311605
316.5,0.7295271574921375
317.0,0.7603947025336194
317.5,0.7922822641811769
318.0,0.825109233783752
318.5,0.8587675837580053
319.0,0.8931183379457499
319.5,0.9279882511083009
320.0,0.9631669468388877
320.5,0.9984048202652588
321.0,1.0334120618487808
321.5,1.0678591915314875
322.0,1.1013794963881267
322.5,1.13357372675616
323.0,1.1640173136838654
323.5,1.1922702169215758
324.0,1.2178892980783322
324.5,1.2404428499568376
325.0,1.2595266259399602
325.5,1.2747804408290049
326.0,1.2859042031079002
326.5,1.2926721344635017
327.0,1.2949439708576729
327.5,1.2926721344635017
328.0,1.2859042031079002
328.5,1.2747804408290049
329.0,1.2595266259399602
329.5,1.2404428499568376
330.0,1.2178892980783322
330.5,1.1922702169215758
331.0,1.1640173136838654
331.5,1.13357372675616
332.0,1.1013794963881267
332.5,1.0678591915314875
333.0,1.0334120618487808
333.5,0.9984048202652588
334.0,0.9631669468388877
334.5,0.9279882511083009
335.0,0.8931183379457499
335.5,0.8587675837580053
336.0,0.825109233783752
336.5,0.7922822641811769
337.0,0.7603947025336194
337.5,0.7295271574921375
338.0,0.6997363653311605
338.5,0.6710586135513135
339.0,0.6435129467661155
339.5,0.6171040969874955
340.0,0.5918251091875121
340.5,0.567659654417114
341.0,0.5445840378854573
341.5,0.5225689194180557
342.0,0.5015807697438942
342.5,0.48158308910942815
343.0,0.4625374156204843
343.5,0.4444041501468342
344.0,0.427143223112209
344.5,0.4107146264269294
345.0,0.3950788314848477
345.5,0.3801971117385272
346.0,0.3660317860178732
346.5,0.35254639654969666
347.0,0.33970583361505774
347.5,0.32747641696863977
348.0,0.31582594254379925
348.5,0.30472370157125656
349.0,0.294140478034975
349.5,0.2840485293584245
350.0,0.2744215543395187
350.5,0.2652346516143891
351.0,0.2564642713109972
351.5,0.24808816203690423
352.0,0.24008531491640747
352.5,0.23243590603748798
353.0,0.2251212383770012
353.5,0.2181236840332136
354.0,0.2114266273995298
354.5,0.2050144097546756
355.0,0.19887227561646634
355.5,0.19298632110332545
356.0,0.18734344446549034
356.5,0.18193129888265766
357.0,0.17673824757358095
357.5,0.1717533212232789
358.0,0.1669661777029138
358.5,0.16236706403429435
359.0,0.1579467805338995
359.5,0.15369664705911573
360.0,0.14960847127104657
360.5,0.14567451882299493
361.0,0.141887485380877
361.5,0.13824047038086998
362.0,0.13472695243009222
362.5,0.13134076625771457
363.0,0.12807608112632204
363.5,0.1249273806163607
364.0,0.12188944369993346
364.5,0.11895732702391063
365.0,0.11612634832617692
365.5,0.1133920709127656
366.0,0.1107502891275579
366.5,0.10819701475010256
367.0,0.10572846426089805
367.5,0.10334104691714713
368.0,0.10103135358552272
368.5,0.09879614628186108
369.0,0.09663234837091288
369.5,0.09453703538233493
370.0,0.09250742640198976
370.5,0.09054087600034041
371.0,0.08863486666228922
371.5,0.08678700168521111
372.0,0.08499499851418608
372.5,0.08325668248554419
373.0,0.08156998095180693
373.5,0.07993291776295122
374.0,0.07834360808063816
374.5,0.07680025350365108
375.0,0.07530113748427888
375.5,0.07384462101676903
376.0,0.07242913858026882
376.5,0.07105319431987489
377.0,0.06971535845053076
377.5,0.06841426386955207
378.0,0.06714860296452704
378.5,0.06591712460423783
379.0,0.06471863130108552
379.5,0.06355197653427812
380.0,0.062416062223762434
380.5,0.06130983634555322
381.0,0.0602322906797367
381.5,0.05918245868300538
382.0,0.05815941347812142
382.5,0.05716226595320741
383.0,0.05619016296422979
383.5,0.05524228563447486
384.0,0.054317847745221116
384.5,0.0534160942121879
385.0,0.052536299642689965
385.5,0.0516777669687539
386.0,0.05083982615175611
386.5,0.05002183295442397
387.0,0.049223167776306184
387.5,0.0484432345490638
388.0,0.04768145968816181
388.5,0.04693729109775543
389.0,0.04621019722576435
389.5,0.04549966616631363
390.0,0.044805204806894136
390.5,0.04412633801775693
391.0,0.043462607881207906
391.5,0.04281357295860968
392.0,0.04217880759303049
392.5,0.04155790124560339
393.0,0.04095045786377395
393.5,0.040356095279723524
394.0,0.03977444463735602
394.5,0.03920514984633044
395.0,0.038647867061710715
395.5,0.03810226418788684
396.0,0.037568020405499704
396.5,0.03704482572017428
397.0,0.03653238053193473
397.5,0.036030395224239016
398.0,0.03553858977163043
398.5,0.035056693365060315
399.0,0.034584444053989215
399.5,0.03412158840442311
400.0,0.03366788117208839
400.5,0.03322308498999352
401.0,0.03278697006966571
401.5,0.03235931391539073
402.0,0.031939901050819744
402.5,0.03152852275734208
403.0,0.031124976823654435
403.5,0.03072906730598807
404.0,0.03034060429848402
404.5,0.02995940371323307
405.0,0.0295852870695231
405.5,0.029218081291860154
406.0,0.028857618516352136
406.5,0.028503735905065483
407.0,0.02815627546798531
407.5,0.027815083892228254
408.0,0.027480012378175437
408.5,0.027150916482209637
409.0,0.026827655965757043
409.5,0.026510094650348558
410.0,0.026198100278430413
410.5,0.02589154437966698
411.0,0.025590302142491528
411.5,0.025294252290672628
412.0,0.025003276964675573
412.5,0.024717261607608572
413.0,0.024436094855553953
413.5,0.02415966843209433
414.0,0.023887877046852538
414.5,0.023620618297873135
415.0,0.02335779257768125
415.5,0.02309930298286255
416.0,0.022845055227015274
416.5,0.022594957556932367
417.0,0.022348920671878533
417.5,0.022106857645833016
418.0,0.02186868385257513
418.5,0.021634316893495247
419.0,0.021403676528019135
419.5,0.021176684606538793
420.0,0.02095326500574789
420.5,0.02073334356628424
421.0,0.020516848032586448
421.5,0.020303707994875773
422.0,0.02009385483317842
422.5,0.01988722166330712
423.0,0.01968374328472445
423.5,0.019483356130213805
424.0,0.019285998217287256
424.5,0.019091609101262327
425.0,0.01890012982994305
425.5,0.01871150289984316
426.0,0.018525672213892144
426.5,0.018342583040567288
427.0,0.01816218197439734
427.5,0.017984416897785738
428.0,0.0178092369441035
428.5,0.017636592462003973
429.0,0.017466434980913752
429.5,0.017298717177655777
430.0,0.017133392844162678
430.5,0.01697041685624001
431.0,0.01680974514334075
431.5,0.01665133465931395
432.0,0.01649514335409208
432.5,0.01634113014628288
433.0,0.01618925489663309
433.5,0.01603947838233251
434.0,0.015891762272128445
434.5,0.015746069102221434
435.0,0.01560236225291455
435.5,0.01546060592598957
436.0,0.015320765122784422
436.5,0.01518280562294721
437.0,0.015046693963843274
437.5,0.014912397420592404
438.0,0.014779883986714482
438.5,0.014649122355362488
439.0,0.014520081901122658
439.5,0.014392732662362412
440.0,0.01426704532410731
440.5,0.01414299120142917
441.0,0.01402054222332791
441.5,0.0138996709170906
442.0,0.013780350393111655
442.5,0.013662554330158783
443.0,0.013546256961069782
443.5,0.013431433058866044
444.0,0.01331805792326881
444.5,0.013206107367605115
445.0,0.01309555770609052
445.5,0.01298638574147641
446.0,0.012878568753049982
446.5,0.012772084484975483
447.0,0.012666911134965757
447.5,0.012563027343273405
448.0,0.01246041218199138
448.5,0.012359045144653144
449.0,0.01225890613612288
449.5,0.012159975462766535
450.0,0.012062233822894928
450.5,0.011965662297470312
451.0,0.011870242341068144
451.5,0.011775955773086186
452.0,0.01168278476919318
452.5,0.011590711853009715
453.0,0.011499719888014142
453.5,0.011409792069666634
454.0,0.011320911917744684
454.5,0.011233063268883636
455.0,0.01114623026931599
455.5,0.01106039736780352
456.0,0.010975549308756338
456.5,0.010891671125533292
457.0,0.010808748133918373
457.5,0.01072676592576772
458.0,0.010645710362822289
458.5,0.010565567570681235
459.0,0.010486323932931257
459.5,0.01040796608542734
460.0,0.01033048091072046
460.5,0.010253855532627965
461.0,0.010178077310942469
461.5,0.010103133836275265
462.0,0.010029012925030372
462.5,0.009955702614505442
463.0,0.009883191158115893
463.5,0.009811467020738793
464.0,0.009740518874173005
464.5,0.009670335592712366
465.0,0.009600906248828662
465.5,0.00953222010896133
466.0,0.009464266629410868
466.5,0.009397035452333093
467.0,0.00933051640183136
467.5,0.009264699480144108
468.0,0.009199574863925017
468.5,0.009135132900613272
469.0,0.00907136410489143
469.5,0.009008259155228474
470.0,0.00894580889050578
470.5,0.008884004306723668
471.0,0.008822836553786406
471.5,0.008762296932363512
472.0,0.008702376890825309
472.5,0.008643068022250724
473.0,0.008584362061505443
473.5,0.008526250882388451
474.0,0.008468726494845242
474.5,0.00841178104224584
