300.0,6.675637632246725
300.5,6.67739049759937
301.0,6.679444191135525
301.5,6.681815344340289
302.0,6.684521601674918
302.5,6.687581677427927
303.0,6.691015413508026
303.5,6.694843837545108
304.0,6.699089220470159
304.5,6.7037751325056885
305.0,6.708926496206222
305.5,6.714569634833659
306.0,6.720732313923186
306.5,6.727443773378739
307.0,6.734734746817853
307.5,6.742637464147625
308.0,6.75118563247857
308.5,6.760414389452858
309.0,6.770360221858915
309.5,6.781060841008805
310.0,6.7925550047540675
310.5,6.804882274203225
311.0,6.81808269118342
311.5,6.832196360281
312.0,6.8472629169470824
312.5,6.863320860746416
313.0,6.880406730492359
313.5,6.8985540959451495
314.0,6.917792339238745
314.5,6.9381451986351435
315.0,6.959629048108274
315.5,6.982250889307307
316.0,7.006006038481066
316.5,7.030875500960034
317.0,7.056823040915056
317.5,7.0837919755153544
318.0,7.111701751370859
318.5,7.140444398022142
319.0,7.16988099834382
319.5,7.199838368085224
320.0,7.230106193829449
320.5,7.260434935742858
321.0,7.290534851421335
321.5,7.3200765300846395
322.0,7.348693330275929
322.5,7.375986076039292
323.0,7.401530274415446
323.5,7.424885963480529
324.0,7.445610085550238
324.5,7.463271016562132
325.0,7.477464595509266
325.5,7.487830725325357
326.0,7.494069405195489
326.5,7.495954950122565
327.0,7.493347192045034
327.5,7.4861986518182
328.0,7.474557008701284
328.5,7.45856263095856
329.0,7.43844140396608
329.5,7.414493529181633
330.0,7.387079304665514
330.5,7.356603092856323
331.0,7.32349671977152
331.5,7.288203445658479
332.0,7.251163435695721
332.5,7.212801386870985
333.0,7.173516680023123
333.5,7.133676162425473
334.0,7.0936094516855075
334.5,7.053606498120557
335.0,7.013917050636497
335.5,6.974751632952247
336.0,6.936283640918514
336.5,6.898652204624336
337.0,6.861965508919216
337.5,6.82630432306951
338.0,6.7917255473251945
338.5,6.75826563653089
339.0,6.7259438060177805
339.5,6.694764961891209
340.0,6.664722326591204
340.5,6.635799752006667
341.0,6.607973727546574
341.5,6.581215100586367
342.0,6.555490532739499
342.5,6.530763718451962
343.0,6.5069963933206445
343.5,6.484149158970181
344.0,6.462182149810931
344.5,6.441055564935105
345.0,6.42073008607266
345.5,6.40116720012068
346.0,6.382329442411431
346.5,6.364180574676347
347.0,6.346685709642744
347.5,6.329811392387369
348.0,6.313525646970297
348.5,6.297797995477056
349.0,6.28259945539239
349.5,6.267902520198776
350.0,6.253681127217852
350.5,6.239910615974848
351.0,6.226567679746906
351.5,6.213630312439527
352.0,6.2010777525062775
352.5,6.188890425272096
353.0,6.177049884728602
353.5,6.165538755630383
354.0,6.154340676526108
354.5,6.143440244199625
355.0,6.132822959868157
355.5,6.1224751773817125
356.0,6.112384053585613
356.5,6.102537500942866
357.0,6.092924142461885
357.5,6.083533268935211
358.0,6.0743547984642765
358.5,6.06537923822221
359.0,6.056597648389568
359.5,6.048001608185733
360.0,6.039583183910378
360.5,6.031334898904135
361.0,6.023249705334815
361.5,6.015320957714508
362.0,6.007542388053503
362.5,5.999908082558469
363.0,5.992412459784857
363.5,5.9850502501564575
364.0,5.977816476768514
364.5,5.970706437394498
365.0,5.9637156876205175
365.5,5.956840025035292
366.0,5.950075474407518
366.5,5.943418273786411
367.0,5.936864861464935
367.5,5.930411863748974
368.0,5.924056083479185
368.5,5.917794489255717
369.0,5.911624205319168
369.5,5.9055425020442165
370.0,5.899546787005318
370.5,5.893634596576475
371.0,5.887803588029818
371.5,5.882051532099987
372.0,5.876376305983708
372.5,5.870775886745973
373.0,5.865248345106286
373.5,5.859791839580273
374.0,5.854404610953628
374.5,5.849084977067089
375.0,5.843831327892526
375.5,5.838642120881698
376.0,5.833515876570503
376.5,5.82845117442278
377.0,5.8234466488988295
377.5,5.818500985734869
378.0,5.813612918420656
378.5,5.808781224863327
379.0,5.804004724226474
379.5,5.799282273934133
380.0,5.794612766830171
380.5,5.789995128484214
381.0,5.785428314635867
381.5,5.780911308769603
382.0,5.776443119813175
382.5,5.772022779953001
383.0,5.767649342560346
383.5,5.7633218802226365
384.0,5.75903948287459
384.5,5.754801256024263
385.0,5.750606319069441
385.5,5.7464538037001285
386.0,5.742342852383201
386.5,5.7382726169255465
387.0,5.734242257112304
387.5,5.7302509394170285
388.0,5.726297835780843
388.5,5.722382122457844
389.0,5.7185029789242146
389.5,5.714659586848691
390.0,5.710851129122153
390.5,5.707076788944333
391.0,5.703335748965677
391.5,5.699627190482625
392.0,5.69595029268462
392.5,5.692304231951296
393.0,5.688688181198404
393.5,5.685101309271085
394.0,5.68154278038327
394.5,5.678011753601928
395.0,5.674507382375105
395.5,5.6710288141026455
396.0,5.6675751897486
396.5,5.664145643494369
397.0,5.6607393024316535
397.5,5.657355286294373
398.0,5.65399270722869
398.5,5.65065066960037
399.0,5.6473282698386775
399.5,5.644024596316097
400.0,5.6407387292631235
400.5,5.63746974071744
401.0,5.63421669450677
401.5,5.630978646264746
402.0,5.627754643479111
402.5,5.62454372557158
403.0,5.6213449240087225
403.5,5.618157262443195
404.0,5.614979756884659
404.5,5.611811415899734
405.0,5.608651240840319
405.5,5.605498226099608
406.0,5.602351359395123
406.5,5.599209622078086
407.0,5.596071989468432
407.5,5.592937431214754
408.0,5.589804911678471
408.5,5.586673390341494
409.0,5.583541822236632
409.5,5.58040915840002
410.0,5.577274346344749
410.5,5.574136330554985
411.0,5.570994052999709
411.5,5.567846453665325
412.0,5.564692471106284
412.5,5.561531043012888
413.0,5.558361106795429
413.5,5.5551816001837855
414.0,5.551991461841596
414.5,5.548789631994131
415.0,5.820089903068926
415.5,5.821812015348277
416.0,5.823519272632662
416.5,5.8252106279141325
417.0,5.826885039058735
417.5,5.828541469496981
418.0,5.830178888921414
418.5,5.831796273990254
419.0,5.8333926090361805
419.5,5.8349668867792
420.0,5.836518109042645
420.5,5.83804528747127
421.0,5.8395474442504485
421.5,5.8410236128254445
422.0,5.842472838619772
422.5,5.8438941797516035
423.0,5.845286707747236
423.5,5.846649508250597
424.0,5.847981681727799
424.5,5.84928234416573
425.0,5.850550627763701
425.5,5.851785681617163
426.0,5.85298667239253
426.5,5.854152784992124
427.0,5.855283223208317
427.5,5.856377210365924
428.0,5.857433989951914
428.5,5.858452826231555
429.0,5.859433004850091
429.5,5.860373833419083
430.0,5.86127464208657
430.5,5.862134784090222
431.0,5.86295363629268
431.5,5.863730599698289
432.0,5.8644650999504995
432.5,5.865156587809168
433.0,5.865804539607091
433.5,5.8664084576850675
434.0,5.866967870804866
434.5,5.867482334539478
435.0,5.867951431640063
435.5,5.8683747723790525
436.0,5.868751994868879
436.5,5.8690827653558575
437.0,5.869366778488768
437.5,5.869603757561718
438.0,5.869793454730922
438.5,5.869935651205043
439.0,5.870030157408799
439.5,5.870076813119567
440.0,5.870075487576761
440.5,5.87002607956378
441.0,5.869928517462394
441.5,5.869782759279441
442.0,5.869588792645765
442.5,5.869346634787363
443.0,5.8690563324687455
443.5,5.868717961908547
444.0,5.868331628667476
444.5,5.8678974675087305
445.0,5.867415642231014
445.5,5.866886345474387
446.0,5.866309798499144
446.5,5.8656862509380385
447.0,5.865015980522115
447.5,5.8642992927805295
448.0,5.863536520714729
448.5,5.862728024447388
449.0,5.8618741908465815
449.5,5.8609754331256525
450.0,5.860032190419302
450.5,5.859044927336446
451.0,5.858014133490407
451.5,5.856940323007069
452.0,5.8558240340116
452.5,5.854665828094436
453.0,5.853466289757192
453.5,5.852226025839218
454.0,5.850945664925555
454.5,5.849625856737021
455.0,5.848267271503236
455.5,5.8468705993193595
456.0,5.8454365494873946
456.5,5.843965849842854
457.0,5.842459246067676
457.5,5.840917500990236
458.0,5.839341393873335
458.5,5.837731719691065
459.0,5.836089288395443
459.5,5.834414924173724
460.0,5.832709464697314
460.5,5.830973760363197
461.0,5.829208673528804
461.5,5.827415077741262
462.0,5.825593856961927
462.5,5.823745904787167
463.0,5.821872123666277
463.5,5.8199734241174985
464.0,5.818050723943012
464.5,5.816104947443861
465.0,5.814137024635685
465.5,5.812147890466162
466.0,5.810138484035058
466.5,5.808109747817748
467.0,5.806062626893076
467.5,5.803998068176402
468.0,5.801917019658669
468.5,5.799820429652304
469.0,5.797709246044767
469.5,5.7955844155605085
470.0,5.793446883032114
470.5,5.791297590681376
471.0,5.789137477411004
471.5,5.786967478107682
472.0,5.784788522957144
472.5,5.782601536771922
473.0,5.780407438332381
473.5,5.7782071397416725
474.0,5.7760015457951415
474.5,5.773791553364772
