300.0,0.00011200484719659587
300.5,0.00011830856615578567
301.0,0.000124942758524971
301.5,0.00013192330280089156
302.0,0.00013926675851139058
302.5,0.00014699039102350307
303.0,0.00015511219702961024
303.5,0.00016365093071884327
304.0,0.00017262613064035929
304.5,0.00018205814726451463
305.0,0.00019196817124731043
305.5,0.00020237826240280534
306.0,0.00021331137938745008
306.5,0.00022479141009952572
307.0,0.000236843202796033
307.5,0.0002494925979285124
308.0,0.00026276646069834384
308.5,0.0002766927143311003
309.0,0.0002913003740685054
309.5,0.0003066195818754587
310.0,0.00032268164185846526
310.5,0.0003395190563906152
311.0,0.0003571655629370149
311.5,0.00037565617157327917
312.0,0.00039502720318833
312.5,0.0004153163283613467
313.0,0.0004365626069012365
313.5,0.00045880652803547014
314.0,0.0004820900512335504
314.5,0.0005064566476487262
315.0,0.0005319513421598842
315.5,0.0005586207559937767
316.0,0.0005865131499059387
316.5,0.0006156784678967768
317.0,0.0006461683814373816
317.5,0.0006780363341776244
318.0,0.0007113375871070752
318.5,0.0007461292641371776
319.0,0.0007824703980709544
319.5,0.0008204219769243476
320.0,0.0008600469905610211
320.5,0.0009014104776001661
321.0,0.0009445795725544986
321.5,0.0009896235531532567
322.0,0.0010366138878025416
322.5,0.0010856242831329087
323.0,0.0011367307315815595
323.5,0.0011900115589539662
324.0,0.0012455474719071423
324.5,0.0013034216052941919
325.0,0.0013637195693070973
325.5,0.0014265294963520495
326.0,0.0014919420875889574
326.5,0.001560050659064022
327.0,0.001630951187361611
327.5,0.00170474235469889
328.0,0.0017815255933839795
328.5,0.00186140512955566
329.0,0.0019444880261199544
329.5,0.0020308842247961883
330.0,0.002120706587182454
330.5,0.0022140709347477456
331.0,0.002311096087655371
331.5,0.002411903902319684
332.0,0.0025166193075955817
332.5,0.002625370339497718
333.0,0.0027382881743439206
333.5,0.0028555071602148923
334.0,0.0029771648466199647
334.5,0.0031034020122563846
335.0,0.0032343626907474633
335.5,0.0033701941942428032
336.0,0.0035110471347618885
336.5,0.00365707544316032
337.0,0.00380843638559635
337.5,0.003965290577373601
338.0,0.004127801994034358
338.5,0.0042961379795764835
339.0,0.00447046925166569
339.5,0.0046509699037137996
340.0,0.004837817403692821
340.5,0.005031192589553695
341.0,0.005231279661118182
341.5,0.005438266168311791
342.0,0.005652342995605579
342.5,0.005873704342534514
343.0,0.006102547700160416
343.5,0.006339073823347807
344.0,0.006583486698721694
344.5,0.006835993508177206
345.0,0.007096804587812053
345.5,0.007366133382154214
346.0,0.007644196393558821
346.5,0.007931213126650141
347.0,0.008227406027686658
347.5,0.008533000418729694
348.0,0.008848224426498765
348.5,0.00917330890579978
349.0,0.009508487357415506
349.5,0.009853995840351343
350.0,0.010210072878333313
350.5,0.010576959360459267
351.0,0.010954898435909013
351.5,0.011344135402623651
352.0,0.011744917589869692
352.5,0.012157494234608941
353.0,0.012582116351600852
353.5,0.013019036597170167
354.0,0.013468509126579091
354.5,0.013930789444949944
355.0,0.01440613425169132
355.5,0.014894801278388107
356.0,0.01539704912012339
356.5,0.01591313706020841
357.0,0.0164433248883048
357.5,0.016987872711932233
358.0,0.01754704076136324
358.5,0.01812108918791651
359.0,0.018710277855669023
359.5,0.019314866126617765
360.0,0.019935112639331207
360.5,0.02057127508114144
361.0,0.021223609953938512
361.5,0.02189237233363879
362.0,0.022577815623411077
362.5,0.023280191300754614
363.0,0.02399974865853523
363.5,0.024736734540097324
364.0,0.025491393068581187
364.5,0.026263965370587335
365.0,0.027054689294341523
365.5,0.02786379912252677
366.0,0.028691525279960526
366.5,0.029538094036308388
367.0,0.03040372720403764
367.5,0.03128864183182713
368.0,0.03219304989366219
368.5,0.03311715797385642
369.0,0.03406116694825446
369.5,0.03502527166188276
370.0,0.036009660603328
370.5,0.03701451557613494
371.0,0.038040011367528555
371.5,0.039086315414776744
372.0,0.04015358746952285
372.5,0.04124197926042866
373.0,0.042351634154480414
373.5,0.04348268681732185
374.0,0.044635262872989745
374.5,0.04580947856343809
375.0,0.047005440408247744
375.5,0.04822324486492901
376.0,0.04946297799023393
376.5,0.05072471510290537
377.0,0.05200852044829835
377.5,0.05331444686531829
378.0,0.05464253545612878
378.5,0.0559928152590891
379.0,0.05736530292538905
379.5,0.0587600023998553
380.0,0.06017690460640903
380.5,0.0616159871386606
381.0,0.06307721395613154
381.5,0.06456053508659802
382.0,0.06606588633505378
382.5,0.06759318899979316
383.0,0.06914234959611655
383.5,0.07071325958816238
384.0,0.0723057951293697
384.5,0.07391981681207584
385.0,0.07555516942675156
385.5,0.07721168173137548
386.0,0.07888916623144562
386.5,0.08058741897112306
387.0,0.08230621933599838
387.5,0.08404532986796551
388.0,0.08580449609268223
388.5,0.08758344636008922
389.0,0.08938189169845147
389.5,0.09119952568237724
390.0,0.09303602431525972
390.5,0.09489104592657643
391.0,0.09676423108446931
391.5,0.09865520252401604
392.0,0.10056356509159038
392.5,0.10248890570569416
393.0,0.10443079333462948
393.5,0.10638877899136254
394.0,0.10836239574591466
394.5,0.11035115875559805
395.0,0.1123545653133948
395.5,0.114372094914759
396.0,0.11640320934310149
396.5,0.1184473527741954
397.0,0.12050395189971963
397.5,0.12257241607013453
398.0,0.12465213745706089
398.5,0.12674249123531023
399.0,0.12884283578468889
399.5,0.13095251291167437
400.0,0.13307084809103611
400.5,0.13519715072744684
401.0,0.13733071443710448
401.5,0.13947081734935654
402.0,0.14161672242829204
402.5,0.1437676778142379
403.0,0.14592291718506836
403.5,0.1480816601372074
404.0,0.1502431125861753
404.5,0.15240646718650153
405.0,0.15457090377079696
405.5,0.15673558980774843
406.0,0.15889968087877085
406.5,0.16106232117302066
407.0,0.16322264400044698
407.5,0.16537977232252601
408.0,0.16753281930029662
408.5,0.16968088885928465
409.0,0.1718230762708762
409.5,0.17395846874967102
410.0,0.17608614606631948
410.5,0.1782051811753188
411.0,0.180314640857218
411.5,0.18241358637465302
412.0,0.18450107414160893
412.5,0.18657615640528039
413.0,0.1886378819398763
413.5,0.19068529675169132
414.0,0.19271744479474406
414.5,0.1947333686962586
415.0,0.196732110491245
415.5,0.198712712365415
416.0,0.20067421740564717
416.5,0.2026156703572008
417.0,0.20453611838685656
417.5,0.20643461185114895
418.0,0.20831020506883877
418.5,0.21016195709675978
419.0,0.21198893250816195
419.5,0.21379020217266131
420.0,0.21556484403689702
420.5,0.21731194390498634
421.0,0.219030596217862
421.5,0.22071990483056894
422.0,0.22237898378659393
422.5,0.22400695808829685
423.0,0.22560296446251168
423.5,0.2271661521203839
424.0,0.22869568351051292
424.5,0.23019073506446863
425.0,0.2316504979337581
425.5,0.23307417871732058
426.0,0.23446100017863816
426.5,0.23581020195155641
427.0,0.23712104123392003
427.5,0.2383927934681384
428.0,0.23962475300781064
428.5,0.24081623376955172
429.0,0.24196656986917797
429.5,0.24307511624142747
430.0,0.24414124924240746
430.5,0.2451643672339829
431.0,0.24614389114933924
431.5,0.24707926503897543
432.0,0.2479699565964074
432.5,0.2488154576628859
433.0,0.24961528471045874
433.5,0.2503689793027353
434.0,0.2510761085327381
434.5,0.25173626543725686
435.0,0.2523490693871491
435.5,0.2529141664530635
436.0,0.25343122974609494
436.5,0.2538999597329108
437.0,0.25432008452492466
437.5,0.2546913601411256
438.0,0.2550135707442078
438.5,0.25528652884968084
439.0,0.2555100755076764
439.5,0.25568408045720514
440.0,0.25580844225265376
440.5,0.25588308836235074
441.0,0.2559079752390663
441.5,0.25588308836235074
442.0,0.25580844225265376
442.5,0.25568408045720514
443.0,0.2555100755076764
443.5,0.25528652884968084
444.0,0.2550135707442078
444.5,0.2546913601411256
445.0,0.25432008452492466
445.5,0.2538999597329108
446.0,0.25343122974609494
446.5,0.2529141664530635
447.0,0.2523490693871491
447.5,0.25173626543725686
448.0,0.2510761085327381
448.5,0.2503689793027353
449.0,0.24961528471045874
449.5,0.2488154576628859
450.0,0.2479699565964074
450.5,0.24707926503897543
451.0,0.24614389114933924
451.5,0.2451643672339829
452.0,0.24414124924240746
452.5,0.24307511624142747
453.0,0.24196656986917797
453.5,0.24081623376955172
454.0,0.23962475300781064
454.5,0.2383927934681384
455.0,0.23712104123392003
455.5,0.23581020195155641
456.0,0.23446100017863816
456.5,0.23307417871732058
457.0,0.2316504979337581
457.5,0.23019073506446863
458.0,0.22869568351051292
458.5,0.2271661521203839
459.0,0.22560296446251168
459.5,0.22400695808829685
460.0,0.22237898378659393
460.5,0.22071990483056894
461.0,0.219030596217862
461.5,0.21731194390498634
462.0,0.21556484403689702
462.5,0.21379020217266131
463.0,0.21198893250816195
463.5,0.21016195709675978
464.0,0.20831020506883877
464.5,0.20643461185114895
465.0,0.20453611838685656
465.5,0.2026156703572008
466.0,0.20067421740564717
466.5,0.198712712365415
467.0,0.196732110491245
467.5,0.1947333686962586
468.0,0.19271744479474406
468.5,0.19068529675169132
469.0,0.1886378819398763
469.5,0.18657615640528039
470.0,0.18450107414160893
470.5,0.18241358637465302
471.0,0.180314640857218
471.5,0.1782051811753188
472.0,0.17608614606631948
472.5,0.17395846874967102
473.0,0.1718230762708762
473.5,0.16968088885928465
474.0,0.16753281930029662
474.5,0.16537977232252601
