0.0,21.086184208189582
1.0,25.054971517998073
2.0,29.641061747912868
3.0,34.9138330080736
4.0,40.94541185678853
5.0,47.80979774713237
6.0,55.58179018871578
7.0,64.33571498152563
8.0,74.14395188776771
9.0,85.075273037432
10.0,97.19300907492172
11.0,110.55306835005332
12.0,125.20184308191169
13.0,141.17404506996954
14.0,158.49052183969576
15.0,177.15611170203587
16.0,197.15760267158754
17.0,218.4618651208277
18.0,241.01423106180738
19.0,264.7371936996877
20.0,289.5294991172877
21.0,315.26569743664913
22.0,341.7962134792262
23.0,368.94798684944794
24.0,396.52571866812633
25.0,424.3137471898595
26.0,452.07855769257355
27.0,479.5719138900438
28.0,506.53457935525273
29.0,532.7005787963318
30.0,557.8019312843741
31.0,581.5737714867157
32.0,603.7597613685864
33.0,624.1176843712572
34.0,642.4251073185349
35.0,658.4849926521858
36.0,672.1311452699044
37.0,683.2333842454897
38.0,691.7023398353281
39.0,697.4937899784086
40.0,700.6124673250928
41.0,701.1152868377243
42.0,699.1139641926667
43.0,694.7770154663696
44.0,688.3311477386876
45.0,680.062067129428
46.0,670.3147443007156
47.0,659.4931866412583
48.0,648.0597704244008
49.0,636.5341846730938
50.0,625.4920310383541
51.0,615.5631107983963
52.0,607.4294115567204
53.0,601.8227831555523
54.0,599.5222658635123
55.0,601.3510054917975
56.0,608.1726614545928
57.0,620.8871868310971
58.0,640.4258362460469
59.0,667.7452399332365
60.0,703.8203726850643
61.0,749.6362463495234
62.0,806.1781656608666
63.0,874.4204106396057
64.0,955.3132452428787
65.0,1049.7682014860445
66.0,1158.6416503485368
67.0,1282.7167441939282
68.0,1422.683898245792
69.0,1579.1200682496844
70.0,1752.4671745617009
71.0,1943.0101157279437
72.0,2150.854902919222
73.0,2375.9075258505795
74.0,2617.854226448273
75.0,2876.143904054306
76.0,3149.9734012577587
77.0,3438.2764189725467
78.0,3739.7167804108108
79.0,4052.6867044128107
80.0,4375.310658661227
81.0,4705.455243424838
82.0,5040.745408835063
83.0,5378.587136898288
84.0,5716.1965284356365
85.0,6050.6350310838925
86.0,6378.850334563312
87.0,6697.722251538379
88.0,7004.112704901719
89.0,7294.918763584286
90.0,7567.127517080594
91.0,7817.8714610838115
92.0,8044.482989145723
93.0,8244.54655285192
94.0,8415.947068641637
95.0,8556.913214177044
96.0,8666.05437010372
97.0,8742.390121106202
98.0,8785.371428344073
99.0,8794.892816869895
100.0,8771.295178200202
101.0,8715.359060421832
102.0,8628.288595944436
103.0,8511.686489881717
104.0,8367.520749906167
105.0,8198.084071804546
106.0,8005.946995498781
107.0,7793.906107093242
108.0,7564.928678422921
109.0,7322.0952034146085
110.0,7068.541309183708
111.0,6807.400490054232
112.0,6541.749037415464
113.0,6274.554422048825
114.0,6008.6282342587765
115.0,5746.584607928536
116.0,5490.804855351241
117.0,5243.408828579144
118.0,5006.233308286124
119.0,4780.817510572718
120.0,4568.395602882633
121.0,4369.895938412537
122.0,4185.946559096003
123.0,4016.88638416039
124.0,3862.781396788956
125.0,3723.4450666440257
126.0,3598.462200747706
127.0,3487.215398180517
128.0,3388.913292999563
129.0,3302.619801692972
130.0,3227.283642826968
131.0,3161.7674634234913
132.0,3104.875985018642
133.0,3055.3826683420393
134.0,3012.054485389156
135.0,2973.674477945737
136.0,2939.061869422587
137.0,2907.089579733929
138.0,2876.699069002799
139.0,2846.912503737988
140.0,2816.8422979449506
141.0,2785.6981310185315
142.0,2752.7915842334205
143.0,2717.538568548357
144.0,2679.4597388821776
145.0,2638.179104800595
146.0,2593.4210555861946
147.0,2545.0060199201976
148.0,2492.8449778546296
149.0,2436.933036329421
150.0,2377.3422700500514
151.0,2314.2140178538893
152.0,2247.750811418392
153.0,2178.2080988543007
154.0,2105.8859108290744
155.0,2031.1206017305185
156.0,1954.2767832735112
157.0,1875.7395530687872
158.0,1795.9071061507893
159.0,1715.1838033984554
160.0,1633.9737572466177
161.0,1552.674982126384
162.0,1471.6741447314428
163.0,1391.3419375217463
164.0,1312.0290878858875
165.0,1234.0630051312369
166.0,1157.7450580025177
167.0,1083.3484667928747
168.0,1011.1167863543268
169.0,941.2629494812495
170.0,873.9688342692614
171.0,809.3853141712387
172.0,747.6327455985453
173.0,688.8018450510729
174.0,632.954905890689
175.0,580.1273039690559
176.0,530.3292413361113
177.0,483.5476781278973
178.0,439.74840438606327
179.0,398.87820590854864
180.0,360.8670811746703
181.0,325.6304698244302
182.0,293.07145699409233
183.0,263.08292190993546
184.0,235.5496034136495
185.0,210.35005943486124
186.0,187.35850174440574
187.0,166.44649153072007
188.0,147.48448536594114
189.0,130.34322490414095
190.0,114.89496712981197
191.0,101.01455511062613
192.0,88.58033197704306
193.0,77.47490323647345
194.0,67.58575452606091
195.0,58.805733520063924
196.0,51.03340594811036
197.0,44.173296569260636
198.0,38.13602650963451
199.0,32.83835863855543
200.0,28.203162663056712
201.0,24.15931139831212
202.0,20.641519257927566
203.0,17.590133438534753
204.0,14.950887582022567
205.0,12.674626918347375
206.0,10.717013051980777
207.0,9.03821568256803
208.0,7.602597668954703
209.0,6.378398975732025
210.0,5.3374241998129515
211.0,4.454737574949846
212.0,3.708368605062946
213.0,3.079030790370738
214.0,2.54985528854691
215.0,2.1061407990721137
216.0,1.7351204731643577
217.0,1.4257462330128674
218.0,1.1684905299662227
219.0,0.9551652782079321
220.0,0.7787574638548921
221.0,0.6332807443499554
222.0,0.5136422141773198
223.0,0.4155234148685177
224.0,0.3352746045814472
225.0,0.2698212699872774
226.0,0.21658185582345202
227.0,0.17339570064719845
228.0,0.13846019683536318
229.0,0.11027623493778056
230.0,0.08760104376280609
231.0,0.06940759515877074
232.0,0.0548498038874384
233.0,0.043232816205292054
234.0,0.0339877440929405
235.0,0.026650264162337345
236.0,0.020842560092299647
237.0,0.01625814423018631
238.0,0.012649147218310364
239.0,0.009815713820399505
240.0,0.007597188361301089
241.0,0.00586481430896615
242.0,0.004515709582370831
243.0,0.0034679123028167258
244.0,0.0026563211176748943
245.0,0.0020293801540128076
246.0,0.0015463813686854842
247.0,0.001175276828155257
248.0,0.0008909105551806702
249.0,0.0006735942954518806
250.0,0.0005079641495860677
251.0,0.0003820657343357533
252.0,0.0002866246137421371
253.0,0.00021446638964756003
254.0,0.00016005725515122558
255.0,0.0001191411682580707
