0,5.528747692601682e-10
1,8.175127644088696e-10
2,1.2056633914452758e-09
3,1.7734598751669604e-09
4,2.601839006639455e-09
5,3.807178457945324e-09
6,5.556352747113045e-09
7,8.087981419130213e-09
8,1.17423289124068e-08
9,1.7003256180520313e-08
10,2.455690985222184e-08
11,3.537358646828834e-08
12,5.082158829347473e-08
13,7.282510736671729e-08
14,1.0408251895152179e-07
15,1.4836730758896784e-07
16,2.1094167865774825e-07
17,2.991233669525265e-07
18,4.2306007709186315e-07
19,5.967844637484429e-07
20,8.396469863171172e-07
21,1.178256160933142e-06
22,1.6490980030776107e-06
23,2.3020617719326734e-06
24,3.2051712679721332e-06
25,4.450914683014757e-06
26,6.1646873973345e-06
27,8.516018753628908e-06
28,1.1733455214401051e-05
29,1.6124230266678517e-05
30,2.210018066112716e-05
31,3.0211787193449534e-05
32,4.119274853733067e-05
33,5.6018165872763764e-05
34,7.598025738837918e-05
35,0.00010278657533237216
36,0.00013868701252055403
37,0.00018663751804248347
38,0.0002505104623947599
39,0.00033536408221867837
40,0.0004477864905502005
41,0.0005963334727103507
42,0.000792083831683202
43,0.0010493415512740488
44,0.0013865206837924955
45,0.0018272568384522338
46,0.00240179866916792
47,0.003148744083955867
48,0.004117199296901563
49,0.005369454617412925
50,0.00698428934384483
51,0.009061039643864866
52,0.011724588222263996
53,0.015131463267301566
54,0.01947726699758808
55,0.025005691458666383
56,0.03201942136936188
57,0.04089327107292565
58,0.05208995521714193
59,0.06617895078388811
60,0.0838589714965497
61,0.1059846442734355
62,0.13359805088312562
63,0.1679658756620826
64,0.21062298115002337
65,0.26342331651526135
66,0.3285991470178268
67,0.4088296743874387
68,0.5073201952818728
69,0.6278930148140884
70,0.7750913908051688
71,0.954297827660726
72,1.1718680617152588
73,1.4352820770961794
74,1.7533134566376363
75,2.1362182996526555
76,2.5959448205931768
77,3.146364572676043
78,3.8035260112244487
79,4.585930815683388
80,5.514833020298214
81,6.614560555243879
82,7.912858267498869
83,9.441250870275164
84,11.235423559407273
85,13.335617235013048
86,15.78703437981903
87,18.64025067768211
88,21.95162641636368
89,25.783710620655018
90,30.205629722756374
91,35.29345141795043
92,41.13051320110537
93,47.80770396384747
94,55.4236859880728
95,64.08504373746436
96,73.90634506686992
97,85.01009988445833
98,97.52660095989388
99,111.59363152027721
100,127.35602456041406
101,144.96505945884195
102,164.57768257565834
103,186.35554004635406
104,210.46381300359008
105,237.0698479724974
106,266.341578199448
107,298.4457351808802
108,333.5458536344715
109,371.8000775605266
110,413.35877982087635
111,458.3620127426047
112,506.93681254419397
113,559.1943857754575
114,615.2272113381069
115,675.1060968761061
116,738.8772332487414
117,806.5592952720933
118,878.1406407804367
119,953.5766631631728
120,1032.7873547260867
121,1115.6551393696739
122,1202.0230330495717
123,1291.693189183307
124,1384.4258835181013
125,1479.938988931052
126,1577.9079851845136
127,1677.9665418318687
128,1779.707704327303
129,1882.685704042852
130,1986.4184024819779
131,2090.3903686844337
132,2194.056576860677
133,2296.846698925015
134,2398.169954089935
135,2497.420465333323
136,2593.983060660422
137,2687.2394459610205
138,2776.5746662110664
139,2861.383763073016
140,2941.0785298728256
141,3015.0942597029316
142,3082.8963792082322
143,3143.9868595969547
144,3197.9102976679037
145,3244.2595631901227
146,3282.6809147810436
147,3312.878494414779
148,3334.6181207045524
149,3347.730312937711
150,3352.112491242933
151,3347.730312937711
152,3334.6181207045524
153,3312.878494414779
154,3282.6809147810436
155,3244.2595631901227
156,3197.9102976679037
157,3143.9868595969547
158,3082.8963792082322
159,3015.0942597029316
160,2941.0785298728256
161,2861.383763073016
162,2776.5746662110664
163,2687.2394459610205
164,2593.983060660422
165,2497.420465333323
166,2398.169954089935
167,2296.846698925015
168,2194.056576860677
169,2090.3903686844337
170,1986.4184024819779
171,1882.685704042852
172,1779.707704327303
173,1677.9665418318687
174,1577.9079851845136
175,1479.938988931052
176,1384.4258835181013
177,1291.693189183307
178,1202.0230330495717
179,1115.6551393696739
180,1032.7873547260867
181,953.5766631631728
182,878.1406407804367
183,806.5592952720933
184,738.8772332487414
185,675.1060968761061
186,615.2272113381069
187,559.1943857754575
188,506.93681254419397
189,458.3620127426047
190,413.35877982087635
191,371.8000775605266
192,333.5458536344715
193,298.4457351808802
194,266.341578199448
195,237.0698479724974
196,210.46381300359008
197,186.35554004635406
198,164.57768257565834
199,144.96505945884195
200,127.35602456041406
201,111.59363152027721
202,97.52660095989388
203,85.01009988445833
204,73.90634506686992
205,64.08504373746436
206,55.4236859880728
207,47.80770396384747
208,41.13051320110537
209,35.29345141795043
210,30.205629722756374
211,25.783710620655018
212,21.95162641636368
213,18.64025067768211
214,15.78703437981903
215,13.335617235013048
216,11.235423559407273
217,9.441250870275164
218,7.912858267498869
219,6.614560555243879
220,5.514833020298214
221,4.585930815683388
222,3.8035260112244487
223,3.146364572676043
224,2.5959448205931768
225,2.1362182996526555
226,1.7533134566376363
227,1.4352820770961794
228,1.1718680617152588
229,0.954297827660726
230,0.7750913908051688
231,0.6278930148140884
232,0.5073201952818728
233,0.4088296743874387
234,0.3285991470178268
235,0.26342331651526135
236,0.21062298115002337
237,0.1679658756620826
238,0.13359805088312562
239,0.1059846442734355
240,0.0838589714965497
241,0.06617895078388811
242,0.05208995521714193
243,0.04089327107292565
244,0.03201942136936188
245,0.025005691458666383
246,0.01947726699758808
247,0.015131463267301566
248,0.011724588222263996
249,0.009061039643864866
250,0.00698428934384483
251,0.005369454617412925
252,0.004117199296901563
253,0.003148744083955867
254,0.00240179866916792
