0,13.688281192362554
1,15.286724151545815
2,17.0564397424896
3,19.013881572937976
4,21.176863130623936
5,23.564645982846802
6,26.198031161519456
7,29.099453574445995
8,32.29307924542747
9,35.804905144832304
10,39.66286132854324
11,43.89691505677077
12,48.5391765152066
13,53.62400570950796
14,59.18812005033757
15,65.27070209033809
16,71.91350681675874
17,79.16096784426955
18,87.06030179214767
19,95.661610068888
20,105.0179772258238
21,115.18556498003272
22,126.22370094617892
23,138.19496105760666
24,151.16524459956582
25,165.20384072261376
26,180.38348525270143
27,196.7804065669881
28,214.4743592618226
29,233.54864430240391
30,254.09011431324893
31,276.18916264560113
32,299.9396948432118
33,325.43908112238455
34,352.7880884866892
35,382.09079111218955
36,413.45445766624556
37,446.9894142627676
38,482.8088818099998
39,521.0287865742375
40,561.7675428649926
41,605.1458068446474
42,651.2862005790868
43,700.3130055756137
44,752.3518252009753
45,807.5292155357929
46,865.972284402177
47,927.8082584988562
48,993.1640187925519
49,1062.1656045453178
50,1134.9376866046953
51,1211.6030108461687
52,1292.2818129348088
53,1377.0912058641675
54,1466.1445420343073
55,1559.550751946033
56,1657.4136619132626
57,1759.8312935284598
58,1866.8951479549812
59,1978.6894784629603
60,2095.2905549693787
61,2216.765924685554
62,2343.1736733132284
63,2474.5616915604755
64,2610.966952066896
65,2752.41480213001
66,2898.918277906782
67,3050.477446020968
68,3207.0787787330178
69,3368.69456901891
70,3535.2823920511546
71,3706.784619672734
72,3883.1279944958073
73,4064.2232702342076
74,4249.964924784287
75,4440.230952394742
76,4634.882741004535
77,4833.765040471055
78,5036.706026950639
79,5243.51746812323
80,5453.99499326601
81,5667.918471371989
82,5885.05249957483
83,6105.147003078587
84,6327.937946600648
85,6553.148156020699
86,6780.488247493705
87,7009.657659739849
88,7240.345783582399
89,7472.233181082199
90,7704.992884837272
91,7938.29176620348
92,8171.791959378785
93,8405.152326514804
94,8638.029947315228
95,8870.081614995464
96,9100.965319059123
97,9330.341694145192
98,9557.875413266605
99,9783.236503149355
100,10006.101559142242
101,10226.15483735033
102,10443.0892022944
103,10656.606909552713
104,10866.420204530645
105,11072.251720748203
106,11273.834663843443
107,11470.912770855704
108,11663.240038255703
109,11850.58021659204
110,12032.706074471349
111,12209.398439808714
112,12380.445031786241
113,12545.639102633088
114,12704.7779140664
115,12857.66107887303
116,13004.088803518156
117,13143.860072683447
118,13276.770821104403
119,13402.6121418346
120,13521.16858295986
121,13632.216586673978
122,13735.523125381334
123,13830.844589003043
124,13889.168087598691
125,13882.019112105387
126,13810.754199587442
127,13677.75783375233
128,13486.369247715695
129,13240.784072142915
130,12945.934580810499
131,12607.353026055538
132,12231.023084409633
133,11823.224727806086
134,11390.377891054775
135,10938.890127837094
136,10475.013053577914
137,10004.711793165941
138,9533.550922057133
139,9066.599554099721
140,8608.357334760523
141,8162.702190745106
142,7732.859810173858
143,7321.394020498953
144,6930.216526475995
145,6560.613891960978
146,6213.289212603529
147,5888.415638383947
148,5585.6987638190385
149,5304.444900595349
150,5043.632367356176
151,4801.983154793801
152,4578.032628573577
153,4370.195294113042
154,4176.825042194437
155,3996.268700591267
156,3826.9121146035127
157,3667.218352096503
158,3515.757963445853
159,3371.231514625859
160,3232.4848471661735
161,3098.5176998705933
162,2968.4864550240645
163,2841.701849693438
164,2717.6225258446498
165,2595.845287754647
166,2476.0928986434983
167,2358.200187804211
168,2242.09916173091
169,2127.8037242467376
170,2015.3945170386612
171,1905.0042980380097
172,1796.8041845057992
173,1690.9910033110089
174,1587.7759146703443
175,1487.3744087137638
176,1389.9977171573898
177,1295.8456350813367
178,1205.1007098994507
179,1117.9237253620445
180,1034.45038696285
181,954.7891004464767
182,879.0197262285
183,807.1931884715398
184,739.3318173970221
185,675.4303063307229
186,615.4571702563994
187,559.3565996627576
188,507.05061168941336
189,458.44140957227836
190,413.41387080316247
191,371.83809396713343
192,333.5719436780981
193,298.4635422211118
194,266.3536652925637
195,237.07800750335207
196,210.4692909994983
197,186.35919760595107
198,164.5801112781169
199,144.9666633334316
200,127.35707792738006
201,111.59431954204003
202,97.52704788818812
203,85.01038861100572
204,73.90653056894773
205,64.08516226630398
206,55.42376130844897
207,47.807751564633165
208,41.1305431188572
209,35.29347011861252
210,30.20564134789669
211,25.78371780773731
212,21.951630835325254
213,18.640253379779672
214,15.787036023036409
215,13.335618228820405
216,11.235424157161406
217,9.44125122784112
218,7.912858480216227
219,6.614560681096681
220,5.514833094350086
221,4.5859308590167505
222,3.8035260364431043
223,3.1463645872720702
224,2.5959448289947495
225,2.136218304462153
226,1.7533134593757533
227,1.4352820786464857
228,1.1718680625882225
229,0.9542978281495901
230,0.7750913910774346
231,0.6278930149648919
232,0.5073201953649425
233,0.4088296744329467
234,0.3285991470426207
235,0.2634233165286957
236,0.21062298115726275
237,0.1679658756659623
238,0.13359805088519341
239,0.10598464427453155
240,0.08385897149712748
241,0.06617895078419102
242,0.052089955217299866
243,0.04089327107300754
244,0.03201942136940411
245,0.025005691458688042
246,0.01947726699759913
247,0.015131463267307169
248,0.011724588222266824
249,0.009061039643866285
250,0.006984289343845537
251,0.005369454617413276
252,0.004117199296901736
253,0.003148744083955952
254,0.0024017986691679616
