0,13.68828119180968
1,15.286724150728302
2,17.05643974128394
3,19.013881571164514
4,21.176863128022095
5,23.564645979039625
6,26.198031155963104
7,29.099453566358015
8,32.29307923368514
9,35.804905127829045
10,39.662861303986325
11,43.896915021397184
12,48.53917646438501
13,53.62400563668285
14,59.18811994625505
15,65.27070194197078
16,71.91350660581706
17,79.16096754514618
18,87.0603013690876
19,95.66160947210354
20,105.01797638617681
21,115.18556380177657
22,126.22369929708091
23,138.1949587555449
24,151.16524139439454
25,165.2038362716991
26,180.38347908801404
27,196.78039805096932
28,214.4743475283674
29,233.54862817817366
30,254.09009221306826
31,276.18913243381394
32,299.93965365046324
33,325.4390251042187
34,352.7880125064318
35,382.0906883256142
36,413.45431897923305
37,446.98922762524955
38,482.80863129953735
39,521.0284512101553
40,561.767095078502
41,605.1452105111747
42,651.2854084952551
43,700.3119562340624
44,752.3504386802915
45,807.5273882789545
46,865.9698826035078
47,927.8051097547722
48,993.159901593255
49,1062.1602350907003
50,1134.9307023153515
51,1211.5939498065247
52,1292.2700883465866
53,1377.0760744009
54,1466.1250647673096
55,1559.5257462545742
56,1657.3816424918932
57,1759.7904002573869
58,1866.8430579997641
59,1978.6232995121763
60,2095.206695997882
61,2216.6599400412806
62,2343.0400752623455
63,2474.3937256848135
64,2610.7563290857456
65,2752.1513788134944
66,2898.589678759764
67,3050.0686163465803
68,3206.571458537736
69,3368.066676004096
70,3534.5073006603493
71,3705.8303218450733
72,3881.956126434092
73,4062.7879881571116
74,4248.21161132765
75,4438.09473409509
76,4632.286796183942
77,4830.618675898379
78,5032.9025009394145
79,5238.931537307547
80,5448.480160245712
81,5661.303910816745
82,5877.139641307332
83,6095.705752208311
84,6316.70252304124
85,6539.812538785686
86,6764.701213113886
87,6991.017409062167
88,7218.394157166035
89,7446.449470461544
90,7674.787255114516
91,7902.998314785529
92,8130.661446177679
93,8357.344622550956
94,8582.606261327155
95,8805.996571258
96,9027.058973992254
97,9245.331594260733
98,9460.34881230671
99,9671.642871629077
100,9878.745534581827
101,10081.189777891488
102,10278.511519718742
103,10470.251369506359
104,10655.956391527054
105,10835.181872775705
106,11007.493085643995
107,11172.467035674825
108,11329.69418462123
109,11478.780139031513
110,11619.347294650473
111,11751.03642706611
112,11873.508219242047
113,11986.44471685763
114,12089.550702728293
115,12182.554981996924
116,12265.211570269415
117,12337.300777411354
118,12398.630180323966
119,12449.035478671427
120,12488.381228233773
121,12516.561447304304
122,12533.500092331762
123,12539.151399819737
124,12504.74220408059
125,12402.080123174335
126,12232.846214402927
127,11999.791291920461
128,11706.661543388393
129,11358.098368100063
130,10959.516178328522
131,10516.962657371105
132,10036.966507548956
133,9526.37802888107
134,8992.20793696484
135,8441.46966250377
136,7881.029992917491
137,7317.47234720492
138,6756.976255846066
139,6205.215791026706
140,5667.278804887698
141,5147.607931042175
142,4649.963430965626
143,4177.407160901998
144,3732.306228808092
145,3316.3543287708553
146,2930.6082978224854
147,2575.5371439691676
148,2251.0806431144865
149,1956.7145876576385
150,1691.5198761132422
151,1454.25284185609
152,1243.4145078690249
153,1057.316799698263
154,894.1441274133934
155,752.0091374011446
156,629.001816935609
157,523.2314924995484
158,432.8615842376208
159,356.13725492292724
160,291.4063172933479
161,237.13393679757755
162,191.9117888129982
163,154.46240373241727
164,123.63946518422802
165,98.42482242132385
166,77.92294455356362
167,61.35348887919577
168,48.04258487023295
169,37.41335556230401
170,28.976114556683406
171,22.31859399515772
172,17.09648017849629
173,13.024461479140307
174,9.867929485830674
175,7.4354197827116515
176,5.571833639288623
177,4.152445898029806
178,3.077676849878982
179,2.2685859923705527
180,1.6630322367632033
181,1.2124372833039212
182,0.8790854480632947
183,0.633893199446421
184,0.4545841482807273
185,0.3242094546167939
186,0.2299589182924528
187,0.16221388730017056
188,0.11379914521936968
189,0.07939682967366032
190,0.055090982286090856
191,0.038016406606830484
192,0.026090043626571153
193,0.01780704023158889
194,0.01208709311569475
195,0.008159530854678451
196,0.00547799590821851
197,0.003657559596997121
198,0.0024287024585655744
199,0.0016038745896499156
200,0.001053366966008812
201,0.0006880217628149747
202,0.00044692829424475614
203,0.00028872654740262795
204,0.00018550207781375085
205,0.0001185288396257466
206,7.53203761658269e-05
207,4.7600785688926935e-05
208,2.99177518269907e-05
209,1.870066208655237e-05
210,1.1625140315295727e-05
211,7.187082292555139e-06
212,4.418961572681531e-06
213,2.702097562028341e-06
214,1.6432173794919286e-06
215,9.93807355708013e-07
216,5.977541327906984e-07
217,3.575659548448662e-07
218,2.1271735712127326e-07
219,1.2585280195469724e-07
220,7.405187217588167e-08
221,4.3333362500583433e-08
222,2.5218655575642054e-08
223,1.4596027200118291e-08
224,8.401572724572308e-09
225,4.809497588734999e-09
226,2.738117146977507e-09
227,1.5503063713435861e-09
228,8.729637945877156e-10
229,4.888640773030485e-10
230,2.722658755560569e-10
231,1.508035247890738e-10
232,8.306976196866709e-11
233,4.5507987776651685e-11
234,2.4793936968975512e-11
235,1.3434346521130215e-11
236,7.239370317945909e-12
237,3.879700785580902e-12
238,2.0678015951862675e-12
239,1.096055870719758e-12
240,5.777895893747278e-13
241,3.0291440434331283e-13
242,1.5793679915825964e-13
243,8.189547984179004e-14
244,4.223278533590414e-14
245,2.1659713677593154e-14
246,1.1047624157262359e-14
247,5.6040017729691194e-15
248,2.8270977848410794e-15
249,1.4183930346927716e-15
250,7.077266389144074e-16
251,3.511944863676498e-16
252,1.733177444557122e-16
253,8.506512829332605e-17
254,4.1521524194733824e-17
