24.0,0.0002636892882894666
24.01,0.0002683865108330565
24.020000000000003,0.00027320977935847094
24.030000000000005,0.00027816362236643156
24.040000000000006,0.00028325277254265404
24.050000000000008,0.00028848217784768385
24.06000000000001,0.00029385701331194184
24.07000000000001,0.0002993826935873996
24.080000000000013,0.0003050648863115318
24.090000000000014,0.00031090952634381136
24.100000000000016,0.00031692283094005675
24.110000000000017,0.00032311131593545613
24.12000000000002,0.0003294818130131236
24.13000000000002,0.0003360414881416502
24.140000000000022,0.00034279786127234553
24.150000000000023,0.0003497588273948044
24.160000000000025,0.00035693267905813705
24.170000000000027,0.0003643281304747679
24.180000000000028,0.00037195434333421514
24.19000000000003,0.00037982095446583114
24.20000000000003,0.00038793810550220614
24.210000000000033,0.00039631647470897186
24.220000000000034,0.0004049673111622034
24.230000000000036,0.0004139024714716959
24.240000000000038,0.0004231344592672509
24.25000000000004,0.0004326764676859647
24.26000000000004,0.00044254242512159155
24.270000000000042,0.0004527470445226198
24.280000000000044,0.0004633058765540518
24.290000000000045,0.0004742353669693316
24.300000000000047,0.0004855529185738201
24.31000000000005,0.0004972769582000649
24.32000000000005,0.0005094270091583751
24.33000000000005,0.0005220237696743813
24.340000000000053,0.0005350891978790064
24.350000000000055,0.0005486466039762551
24.360000000000056,0.0005627207502812634
24.370000000000058,0.0005773379598960324
24.38000000000006,0.0005925262348742418
24.39000000000006,0.0006083153848206569
24.400000000000063,0.0006247371669762622
24.410000000000064,0.0006418254389589063
24.420000000000066,0.0006596163254626504
24.430000000000067,0.0006781484003692273
24.44000000000007,0.0006974628858942615
24.45000000000007,0.0007176038705818739
24.460000000000072,0.000738618548176949
24.470000000000073,0.0007605574796481582
24.480000000000075,0.0007834748809108006
24.490000000000077,0.0008074289391111475
24.500000000000078,0.0008324821606885862
24.51000000000008,0.0008587017548343892
24.52000000000008,0.000886160056423438
24.530000000000083,0.0009149349930155826
24.540000000000084,0.0009451106011158202
24.550000000000086,0.0009767775975575994
24.560000000000088,0.0010100340126435472
24.57000000000009,0.0010449858925566575
24.58000000000009,0.001081748079558527
24.590000000000092,0.0011204450796379014
24.600000000000094,0.001161212028583497
24.610000000000095,0.0012041957689536828
24.620000000000097,0.0012495560521290547
24.6300000000001,0.001297466881592723
24.6400000000001,0.0013481180158212357
24.6500000000001,0.0014017166517241665
24.660000000000103,0.0014584893124836875
24.670000000000105,0.0015186839669610063
24.680000000000106,0.0015825724116004466
24.690000000000108,0.0016504529500201764
24.70000000000011,0.0017226534102741905
24.71000000000011,0.0017995345451380968
24.720000000000113,0.0018814938667311288
24.730000000000114,0.0019689699733313397
24.740000000000116,0.0020624474333191542
24.750000000000117,0.0021624622986770475
24.76000000000012,0.002269608328155937
24.77000000000012,0.0023845440077108937
24.780000000000122,0.002508000462496206
24.790000000000123,0.002640790359637902
24.800000000000125,0.0027838179027202307
24.810000000000127,0.0029380900152655132
24.820000000000128,0.0031047287982629754
24.83000000000013,0.003284985321358864
24.84000000000013,0.003480254761936285
24.850000000000133,0.0036920928313616598
24.860000000000134,0.003922233309482261
24.870000000000136,0.004172606327781262
24.880000000000138,0.0044453567716298
24.89000000000014,0.004742861775964354
24.90000000000014,0.0050677457166169275
24.910000000000142,0.005422890285509283
24.920000000000144,0.005811436097512852
24.930000000000145,0.006236770706765522
24.940000000000147,0.006702495794098192
24.95000000000015,0.007212363512128645
24.96000000000015,0.00777016847031934
24.97000000000015,0.008379577658450653
24.980000000000153,0.00904387605175065
24.990000000000155,0.009765601509902135
25.000000000000156,0.010546040498162266
25.010000000000158,0.011384559006344403
25.02000000000016,0.012277755373323661
25.03000000000016,0.013218449801856987
25.040000000000163,0.014194576119956004
25.050000000000164,0.015188119299117038
25.060000000000166,0.016174343080873316
25.070000000000167,0.017121653526420345
25.08000000000017,0.0179924982168611
25.09000000000017,0.018745636459632883
25.100000000000172,0.01933986783893218
25.110000000000174,0.019738870853609345
25.120000000000175,0.019916295364212987
25.130000000000177,0.019859905364783752
25.140000000000178,0.019573624769755948
25.15000000000018,0.019076873103907096
25.16000000000018,0.01840139331865842
25.170000000000183,0.017586494860014786
25.180000000000184,0.016673947262928788
25.190000000000186,0.015703598274698343
25.200000000000188,0.014710332543824605
25.21000000000019,0.013722490632737576
25.22000000000019,0.012761516541228488
25.230000000000192,0.011842447912026086
25.240000000000194,0.010974865016490504
25.250000000000195,0.010163999106194662
25.260000000000197,0.009411806180678387
25.2700000000002,0.008717903513107231
25.2800000000002,0.00808033098468485
25.2900000000002,0.007496138335312058
25.300000000000203,0.006961819087716594
25.310000000000205,0.00647361899722545
25.320000000000206,0.0060277469012735485
25.330000000000208,0.005620512504461663
25.34000000000021,0.005248411158012311
25.35000000000021,0.0049081712528833985
25.360000000000213,0.004596775969858689
25.370000000000214,0.0043114679793455155
25.380000000000216,0.004049743237540743
25.390000000000217,0.0038093381865937494
25.40000000000022,0.003588213316590429
25.41000000000022,0.0033845350752463913
25.420000000000222,0.0031966574226870667
25.430000000000224,0.003023103848253897
25.440000000000225,0.002862550336076409
25.450000000000227,0.00271380954296834
25.46000000000023,0.00257581630435548
25.47000000000023,0.0024476144885289485
25.48000000000023,0.0023283451601884605
25.490000000000233,0.0022172359794297783
25.500000000000234,0.002113591743928979
25.510000000000236,0.002016785974444053
25.520000000000238,0.0019262534430047593
25.53000000000024,0.0018414835466411756
25.54000000000024,0.0017620144354204208
25.550000000000242,0.0016874278107298572
25.560000000000244,0.0016173443173889148
25.570000000000245,0.001551419460799574
25.580000000000247,0.0014893399876597126
25.59000000000025,0.0014308206755954983
25.60000000000025,0.001375601483336029
25.61000000000025,0.0013234450187280412
25.620000000000253,0.0012741342869780547
25.630000000000255,0.0012274706860419106
25.640000000000256,0.001183272220096926
25.650000000000258,0.0011413719055747144
25.66000000000026,0.0011016163473494944
25.67000000000026,0.0010638644654126967
25.680000000000263,0.0010279863547626386
25.690000000000264,0.0009938622633375801
25.700000000000266,0.000961381674657428
25.710000000000267,0.0009304424834460912
25.72000000000027,0.0009009502539117234
25.73000000000027,0.0008728175515912398
25.740000000000272,0.0008459633407410208
25.750000000000274,0.0008203124401971924
25.760000000000275,0.0007957950314535481
25.770000000000277,0.0007723462134279807
25.78000000000028,0.0007499055990223493
25.79000000000028,0.0007284169491373223
25.80000000000028,0.0007078278402928604
25.810000000000283,0.000688089362435175
25.820000000000285,0.0006691558438897112
25.830000000000286,0.0006509846007534675
25.840000000000288,0.0006335357083143617
25.85000000000029,0.0006167717923453671
25.86000000000029,0.0006006578383509667
25.870000000000292,0.0005851610170468837
25.880000000000294,0.0005702505245342238
25.890000000000295,0.0005558974357889821
25.900000000000297,0.0005420745702297301
25.9100000000003,0.0005287563682524008
25.9200000000003,0.000515918777733272
25.9300000000003,0.0005035391496011677
25.940000000000303,0.0004915961416689971
25.950000000000305,0.00048006962999425133
25.960000000000306,0.0004689406271091432
25.970000000000308,0.00045819120652460253
25.98000000000031,0.00044780443296924433
25.99000000000031,0.00043776429787540624
26.000000000000313,0.00042805565967010076
26.010000000000314,0.0004186641884697992
26.020000000000316,0.00040957631481489435
26.030000000000317,0.00040077918211290953
26.04000000000032,0.00039226060248944014
26.05000000000032,0.0003840090157727965
26.060000000000322,0.0003760134513626456
26.070000000000324,0.0003682634927549386
26.080000000000325,0.0003607492445152789
26.090000000000327,0.00035346130151086376
26.10000000000033,0.00034639072022741576
26.11000000000033,0.00033952899201227584
26.12000000000033,0.00033286801809821623
26.130000000000333,0.0003264000862746867
26.140000000000335,0.0003201178490842496
26.150000000000336,0.0003140143034320062
26.160000000000338,0.0003080827715049538
26.17000000000034,0.00030231688290654395
26.18000000000034,0.00029671055791930114
26.190000000000342,0.0002912579918152863
26.200000000000344,0.00028595364014051355
26.210000000000345,0.00028079220490520503
26.220000000000347,0.0002757686216170514
26.23000000000035,0.0002708780470994819
26.24000000000035,0.00026611584804136997
26.25000000000035,0.00026147759022866063
26.260000000000353,0.0002569590284121266
26.270000000000355,0.00025255609676886855
26.280000000000356,0.0002482648999183151
26.290000000000358,0.00024408170445635588
26.30000000000036,0.00024000293097389046
26.31000000000036,0.0002360251465285118
26.320000000000363,0.00023214505754028854
26.330000000000364,0.00022835950308467619
26.340000000000366,0.0002246654485574947
26.350000000000367,0.00022105997968866552
26.36000000000037,0.00021754029688302528
26.37000000000037,0.00021410370986803357
26.380000000000372,0.00021074763262957262
26.390000000000374,0.00020746957861832188
26.400000000000375,0.00020426715621037257
26.410000000000377,0.00020113806440684532
26.42000000000038,0.00019808008875828837
26.43000000000038,0.0001950910975005774
26.44000000000038,0.00019216903788990853
26.450000000000383,0.00018931193272528894
26.460000000000385,0.00018651787704767814
26.470000000000386,0.00018378503500563305
26.480000000000388,0.0001811116368779598
26.49000000000039,0.00017849597624447497
26.50000000000039,0.0001759364072965442
26.510000000000392,0.00017343134227958463
26.520000000000394,0.000170979249060207
26.530000000000395,0.0001685786488111234
26.540000000000397,0.0001662281138073707
26.5500000000004,0.00016392626532779175
26.5600000000004,0.0001616717716560861
26.5700000000004,0.00015946334617608074
26.580000000000403,0.00015729974555619568
26.590000000000405,0.0001551797680183743
26.600000000000406,0.00015310225168703085
26.610000000000408,0.00015106607301382632
26.62000000000041,0.00014907014527432925
26.63000000000041,0.00014711341713284716
26.640000000000413,0.0001451948712719269
26.650000000000414,0.0001433135230832239
26.660000000000416,0.00014146841941662712
26.670000000000417,0.00013965863738470445
26.68000000000042,0.00013788328321969487
26.69000000000042,0.00013614149118043267
26.700000000000422,0.0001344324225067309
26.710000000000424,0.00013275526441889043
26.720000000000425,0.00013110922916012633
26.730000000000427,0.00012949355307982638
26.74000000000043,0.00012790749575566806
26.75000000000043,0.0001263503391527268
26.76000000000043,0.00012482138681780904
26.770000000000433,0.0001233199631073376
26.780000000000435,0.00012184541244720497
26.790000000000436,0.00012039709862309417
26.800000000000438,0.00011897440409984525
26.81000000000044,0.00011757672936851929
26.82000000000044,0.00011620349231988257
26.830000000000442,0.00011485412764309749
26.840000000000444,0.0001135280862484711
26.850000000000446,0.0001122248347131694
26.860000000000447,0.0001109438547488609
26.87000000000045,0.0001096846426903056
26.88000000000045,0.00010844670900395452
26.89000000000045,0.00010722957781567181
26.900000000000453,0.00010603278645673501
26.910000000000455,0.00010485588502731115
26.920000000000456,0.00010369843597664515
26.930000000000458,0.00010256001369923525
26.94000000000046,0.00010144020414630383
26.95000000000046,0.00010033860445190692
26.960000000000463,9.925482257305623e-05
26.970000000000464,9.818847694325776e-05
26.980000000000466,9.713919613889952e-05
26.990000000000467,9.610661855794718e-05
