24.0,0.20498368928828947
24.01,0.20498838651083306
24.020000000000003,0.20499320977935848
24.030000000000005,0.20499816362236645
24.040000000000006,0.20500325277254267
24.050000000000008,0.2050084821778477
24.06000000000001,0.20501385701331196
24.07000000000001,0.2050193826935874
24.080000000000013,0.20502506488631153
24.090000000000014,0.2050309095263438
24.100000000000016,0.20503692283094008
24.110000000000017,0.20504311131593547
24.12000000000002,0.20504948181301313
24.13000000000002,0.20505604148814166
24.140000000000022,0.20506279786127235
24.150000000000023,0.2050697588273948
24.160000000000025,0.20507693267905816
24.170000000000027,0.20508432813047478
24.180000000000028,0.20509195434333422
24.19000000000003,0.20509982095446586
24.20000000000003,0.2051079381055022
24.210000000000033,0.205116316474709
24.220000000000034,0.20512496731116223
24.230000000000036,0.2051339024714717
24.240000000000038,0.20514313445926727
24.25000000000004,0.20515267646768598
24.26000000000004,0.2051625424251216
24.270000000000042,0.20517274704452262
24.280000000000044,0.20518330587655406
24.290000000000045,0.20519423536696935
24.300000000000047,0.20520555291857384
24.31000000000005,0.20521727695820008
24.32000000000005,0.2052294270091584
24.33000000000005,0.2052420237696744
24.340000000000053,0.20525508919787902
24.350000000000055,0.20526864660397626
24.360000000000056,0.20528272075028128
24.370000000000058,0.20529733795989605
24.38000000000006,0.20531252623487425
24.39000000000006,0.20532831538482066
24.400000000000063,0.20534473716697627
24.410000000000064,0.20536182543895892
24.420000000000066,0.20537961632546267
24.430000000000067,0.20539814840036924
24.44000000000007,0.20541746288589427
24.45000000000007,0.20543760387058188
24.460000000000072,0.20545861854817696
24.470000000000073,0.20548055747964816
24.480000000000075,0.2055034748809108
24.490000000000077,0.20552742893911116
24.500000000000078,0.2055524821606886
24.51000000000008,0.2055787017548344
24.52000000000008,0.20560616005642346
24.530000000000083,0.2056349349930156
24.540000000000084,0.20566511060111584
24.550000000000086,0.2056967775975576
24.560000000000088,0.20573003401264356
24.57000000000009,0.20576498589255668
24.58000000000009,0.20580174807955853
24.590000000000092,0.20584044507963792
24.600000000000094,0.2058812120285835
24.610000000000095,0.20592419576895368
24.620000000000097,0.20596955605212908
24.6300000000001,0.20601746688159273
24.6400000000001,0.20606811801582126
24.6500000000001,0.20612171665172418
24.660000000000103,0.2061784893124837
24.670000000000105,0.20623868396696102
24.680000000000106,0.20630257241160047
24.690000000000108,0.20637045295002018
24.70000000000011,0.2064426534102742
24.71000000000011,0.2065195345451381
24.720000000000113,0.20660149386673113
24.730000000000114,0.20668896997333136
24.740000000000116,0.20678244743331917
24.750000000000117,0.20688246229867707
24.76000000000012,0.20698960832815594
24.77000000000012,0.20710454400771092
24.780000000000122,0.20722800046249623
24.790000000000123,0.20736079035963792
24.800000000000125,0.20750381790272024
24.810000000000127,0.20765809001526553
24.820000000000128,0.207824728798263
24.83000000000013,0.2080049853213589
24.84000000000013,0.2082002547619363
24.850000000000133,0.20841209283136167
24.860000000000134,0.20864223330948228
24.870000000000136,0.20889260632778128
24.880000000000138,0.2091653567716298
24.89000000000014,0.20946286177596438
24.90000000000014,0.20978774571661693
24.910000000000142,0.2101428902855093
24.920000000000144,0.21053143609751288
24.930000000000145,0.21095677070676552
24.940000000000147,0.2114224957940982
24.95000000000015,0.21193236351212866
24.96000000000015,0.21249016847031935
24.97000000000015,0.21309957765845067
24.980000000000153,0.21376387605175065
24.990000000000155,0.21448560150990215
25.000000000000156,0.21526604049816228
25.010000000000158,0.21610455900634443
25.02000000000016,0.21699775537332366
25.03000000000016,0.217938449801857
25.040000000000163,0.21891457611995602
25.050000000000164,0.21990811929911705
25.060000000000166,0.22089434308087333
25.070000000000167,0.22184165352642035
25.08000000000017,0.22271249821686112
25.09000000000017,0.2234656364596329
25.100000000000172,0.2240598678389322
25.110000000000174,0.22445887085360935
25.120000000000175,0.224636295364213
25.130000000000177,0.22457990536478376
25.140000000000178,0.22429362476975595
25.15000000000018,0.2237968731039071
25.16000000000018,0.22312139331865843
25.170000000000183,0.2223064948600148
25.180000000000184,0.2213939472629288
25.190000000000186,0.22042359827469835
25.200000000000188,0.21943033254382463
25.21000000000019,0.2184424906327376
25.22000000000019,0.2174815165412285
25.230000000000192,0.2165624479120261
25.240000000000194,0.21569486501649052
25.250000000000195,0.21488399910619468
25.260000000000197,0.2141318061806784
25.2700000000002,0.21343790351310724
25.2800000000002,0.21280033098468487
25.2900000000002,0.21221613833531208
25.300000000000203,0.2116818190877166
25.310000000000205,0.21119361899722547
25.320000000000206,0.21074774690127357
25.330000000000208,0.21034051250446167
25.34000000000021,0.20996841115801232
25.35000000000021,0.2096281712528834
25.360000000000213,0.2093167759698587
25.370000000000214,0.20903146797934552
25.380000000000216,0.20876974323754074
25.390000000000217,0.20852933818659375
25.40000000000022,0.20830821331659044
25.41000000000022,0.2081045350752464
25.420000000000222,0.20791665742268708
25.430000000000224,0.2077431038482539
25.440000000000225,0.20758255033607642
25.450000000000227,0.20743380954296836
25.46000000000023,0.2072958163043555
25.47000000000023,0.20716761448852897
25.48000000000023,0.20704834516018847
25.490000000000233,0.20693723597942978
25.500000000000234,0.20683359174392899
25.510000000000236,0.20673678597444406
25.520000000000238,0.20664625344300477
25.53000000000024,0.2065614835466412
25.54000000000024,0.20648201443542044
25.550000000000242,0.20640742781072988
25.560000000000244,0.20633734431738893
25.570000000000245,0.20627141946079958
25.580000000000247,0.20620933998765972
25.59000000000025,0.2061508206755955
25.60000000000025,0.20609560148333606
25.61000000000025,0.20604344501872807
25.620000000000253,0.20599413428697808
25.630000000000255,0.2059474706860419
25.640000000000256,0.20590327222009694
25.650000000000258,0.2058613719055747
25.66000000000026,0.2058216163473495
25.67000000000026,0.20578386446541272
25.680000000000263,0.20574798635476266
25.690000000000264,0.2057138622633376
25.700000000000266,0.20568138167465744
25.710000000000267,0.2056504424834461
25.72000000000027,0.20562095025391175
25.73000000000027,0.20559281755159126
25.740000000000272,0.20556596334074104
25.750000000000274,0.20554031244019721
25.760000000000275,0.20551579503145356
25.770000000000277,0.205492346213428
25.78000000000028,0.20546990559902237
25.79000000000028,0.20544841694913735
25.80000000000028,0.20542782784029287
25.810000000000283,0.20540808936243518
25.820000000000285,0.20538915584388973
25.830000000000286,0.20537098460075348
25.840000000000288,0.20535353570831438
25.85000000000029,0.20533677179234539
25.86000000000029,0.205320657838351
25.870000000000292,0.2053051610170469
25.880000000000294,0.20529025052453423
25.890000000000295,0.205275897435789
25.900000000000297,0.20526207457022974
25.9100000000003,0.2052487563682524
25.9200000000003,0.20523591877773328
25.9300000000003,0.20522353914960118
25.940000000000303,0.205211596141669
25.950000000000305,0.20520006962999426
25.960000000000306,0.20518894062710916
25.970000000000308,0.2051781912065246
25.98000000000031,0.20516780443296925
25.99000000000031,0.2051577642978754
26.000000000000313,0.20514805565967012
26.010000000000314,0.20513866418846982
26.020000000000316,0.2051295763148149
26.030000000000317,0.2051207791821129
26.04000000000032,0.20511226060248947
26.05000000000032,0.2051040090157728
26.060000000000322,0.20509601345136266
26.070000000000324,0.20508826349275494
26.080000000000325,0.2050807492445153
26.090000000000327,0.20507346130151088
26.10000000000033,0.20506639072022742
26.11000000000033,0.2050595289920123
26.12000000000033,0.20505286801809822
26.130000000000333,0.2050464000862747
26.140000000000335,0.20504011784908427
26.150000000000336,0.20503401430343202
26.160000000000338,0.20502808277150497
26.17000000000034,0.20502231688290656
26.18000000000034,0.2050167105579193
26.190000000000342,0.2050112579918153
26.200000000000344,0.20500595364014051
26.210000000000345,0.20500079220490522
26.220000000000347,0.20499576862161706
26.23000000000035,0.2049908780470995
26.24000000000035,0.20498611584804138
26.25000000000035,0.20498147759022867
26.260000000000353,0.20497695902841215
26.270000000000355,0.20497255609676887
26.280000000000356,0.20496826489991832
26.290000000000358,0.20496408170445637
26.30000000000036,0.2049600029309739
26.31000000000036,0.20495602514652853
26.320000000000363,0.2049521450575403
26.330000000000364,0.20494835950308468
26.340000000000366,0.2049446654485575
26.350000000000367,0.20494105997968867
26.36000000000037,0.20493754029688305
26.37000000000037,0.20493410370986806
26.380000000000372,0.20493074763262958
26.390000000000374,0.20492746957861835
26.400000000000375,0.2049242671562104
26.410000000000377,0.20492113806440687
26.42000000000038,0.2049180800887583
26.43000000000038,0.20491509109750058
26.44000000000038,0.20491216903788992
26.450000000000383,0.2049093119327253
26.460000000000385,0.2049065178770477
26.470000000000386,0.20490378503500564
26.480000000000388,0.20490111163687796
26.49000000000039,0.2048984959762445
26.50000000000039,0.20489593640729656
26.510000000000392,0.2048934313422796
26.520000000000394,0.20489097924906022
26.530000000000395,0.20488857864881113
26.540000000000397,0.20488622811380738
26.5500000000004,0.2048839262653278
26.5600000000004,0.2048816717716561
26.5700000000004,0.2048794633461761
26.580000000000403,0.2048772997455562
26.590000000000405,0.2048751797680184
26.600000000000406,0.20487310225168703
26.610000000000408,0.20487106607301384
26.62000000000041,0.20486907014527433
26.63000000000041,0.20486711341713287
26.640000000000413,0.20486519487127194
26.650000000000414,0.20486331352308323
26.660000000000416,0.20486146841941663
26.670000000000417,0.20485965863738473
26.68000000000042,0.20485788328321972
26.69000000000042,0.20485614149118045
26.700000000000422,0.20485443242250675
26.710000000000424,0.2048527552644189
26.720000000000425,0.20485110922916014
26.730000000000427,0.20484949355307985
26.74000000000043,0.20484790749575568
26.75000000000043,0.20484635033915274
26.76000000000043,0.2048448213868178
26.770000000000433,0.20484331996310734
26.780000000000435,0.2048418454124472
26.790000000000436,0.20484039709862312
26.800000000000438,0.20483897440409987
26.81000000000044,0.20483757672936853
26.82000000000044,0.2048362034923199
26.830000000000442,0.2048348541276431
26.840000000000444,0.2048335280862485
26.850000000000446,0.2048322248347132
26.860000000000447,0.20483094385474887
26.87000000000045,0.20482968464269033
26.88000000000045,0.20482844670900396
26.89000000000045,0.20482722957781568
26.900000000000453,0.20482603278645675
26.910000000000455,0.20482485588502733
26.920000000000456,0.20482369843597667
26.930000000000458,0.20482256001369925
26.94000000000046,0.2048214402041463
26.95000000000046,0.20482033860445192
26.960000000000463,0.20481925482257307
26.970000000000464,0.20481818847694327
26.980000000000466,0.20481713919613892
26.990000000000467,0.20481610661855795
